## METRICS CLASS	picard.analysis.CollectWgsMetricsWithNonZeroCoverage$WgsMetricsWithNonZeroCoverage
CATEGORY	GENOME_TERRITORY	MEAN_COVERAGE	SD_COVERAGE	MEDIAN_COVERAGE	MAD_COVERAGE	PCT_EXC_ADAPTER	PCT_EXC_MAPQ	PCT_EXC_DUPE	PCT_EXC_UNPAIRED	PCT_EXC_BASEQ	PCT_EXC_OVERLAP	PCT_EXC_CAPPED	PCT_EXC_TOTAL	PCT_1X	PCT_5X	PCT_10X	PCT_15X	PCT_20X	PCT_25X	PCT_30X	PCT_40X	PCT_50X	PCT_60X	PCT_70X	PCT_80X	PCT_90X	PCT_100X	FOLD_80_BASE_PENALTY	FOLD_90_BASE_PENALTY	FOLD_95_BASE_PENALTY	HET_SNP_SENSITIVITY	HET_SNP_Q
WHOLE_GENOME	381973357	15.832433	12.585844	16	8	0	0.02441	0	0.003595	0.030446	0.123913	0.006882	0.189246	0.88998	0.812969	0.698584	0.545518	0.370793	0.197878	0.079734	0.013198	0.006104	0.0038	0.002695	0.002092	0.001714	0.001465	3.166487	?	?	0.851823	8	Ptremula_SwAsp001
NON_ZERO_REGIONS	339948597	17.789653	11.965249	17	7	0	0.02441	0	0.003595	0.030446	0.123913	0.006882	0.189246	1	0.913469	0.784944	0.612955	0.416631	0.22234	0.089591	0.014829	0.006858	0.004269	0.003028	0.00235	0.001925	0.001646	1.976628	3.557931	5.929884	0.956528	14	Ptremula_SwAsp001
WHOLE_GENOME	381973357	13.704893	10.182121	14	5	0	0.024199	0	0.006118	0.03413	0.051424	0.006864	0.122735	0.886643	0.814065	0.708577	0.492639	0.225103	0.069773	0.021716	0.006473	0.003376	0.002218	0.001662	0.001357	0.001163	0.001026	2.740979	?	?	0.846547	8	Ptremula_SwAsp003
NON_ZERO_REGIONS	338673840	15.457066	9.47877	15	4	0	0.024199	0	0.006118	0.03413	0.051424	0.006864	0.122735	1	0.918143	0.799169	0.555622	0.253882	0.078694	0.024492	0.0073	0.003808	0.002501	0.001874	0.00153	0.001312	0.001157	1.717452	2.576178	5.152355	0.95397	13	Ptremula_SwAsp003
WHOLE_GENOME	381973357	23.312594	15.453158	26	7	0	0.023557	0	0.003837	0.029233	0.090046	0.008487	0.15516	0.898178	0.843449	0.803244	0.750663	0.673763	0.538198	0.339366	0.063305	0.016361	0.008925	0.00572	0.004047	0.003081	0.002468	2.331259	?	?	0.870833	9	Ptremula_SwAsp004
NON_ZERO_REGIONS	343080210	25.955417	14.045498	27	6	0	0.023557	0	0.003837	0.029233	0.090046	0.008487	0.15516	1	0.939066	0.894303	0.835762	0.750144	0.599211	0.377838	0.070482	0.018216	0.009936	0.006369	0.004506	0.003431	0.002748	1.526789	2.883935	8.651806	0.968955	15	Ptremula_SwAsp004
WHOLE_GENOME	381973357	12.788315	9.250002	13	5	0	0.023268	0	0.006792	0.029621	0.010673	0.003538	0.073892	0.887244	0.809014	0.662752	0.412411	0.188689	0.068649	0.023341	0.005447	0.002726	0.001709	0.001213	0.000911	0.000715	0.000581	2.557663	?	?	0.841815	8	Ptremula_SwAsp005
NON_ZERO_REGIONS	338903488	14.41353	8.544662	14	5	0	0.023268	0	0.006792	0.029621	0.010673	0.003538	0.073892	1	0.911828	0.746978	0.464823	0.212669	0.077374	0.026308	0.006139	0.003072	0.001926	0.001367	0.001026	0.000806	0.000655	1.801691	2.882706	4.80451	0.948143	13	Ptremula_SwAsp005
WHOLE_GENOME	381973357	20.644097	15.026803	22	8	0	0.026579	0	0.004281	0.045841	0.062316	0.010988	0.150005	0.899772	0.840329	0.777118	0.68501	0.560633	0.401726	0.233788	0.044902	0.013657	0.007805	0.005144	0.003699	0.002862	0.002339	2.580512	?	?	0.868776	9	Ptremula_SwAsp009
NON_ZERO_REGIONS	343689004	22.943693	14.078229	23	7	0	0.026579	0	0.004281	0.045841	0.062316	0.010988	0.150005	1	0.933935	0.863683	0.761315	0.623084	0.446475	0.259831	0.049904	0.015178	0.008675	0.005717	0.004111	0.003181	0.002599	1.764899	3.27767	7.647898	0.964886	15	Ptremula_SwAsp009
WHOLE_GENOME	381973357	27.328894	18.690887	29	11	0	0.024769	0	0.004456	0.047649	0.050441	0.009167	0.136481	0.902621	0.85001	0.807452	0.753589	0.682096	0.593807	0.486325	0.231391	0.062619	0.018172	0.009927	0.006713	0.004846	0.003725	2.732889	27.328894	?	0.875359	9	Ptremula_SwAsp010
NON_ZERO_REGIONS	344777129	30.277268	17.256016	31	10	0	0.024769	0	0.004456	0.047649	0.050441	0.009167	0.136481	1	0.941713	0.894563	0.83489	0.755684	0.65787	0.538792	0.256354	0.069375	0.020132	0.010998	0.007437	0.005368	0.004126	1.781016	3.364141	7.569317	0.969143	15	Ptremula_SwAsp010
WHOLE_GENOME	381973357	46.842101	27.970834	53	14	0	0.022633	0	0.003074	0.039554	0.079632	0.011841	0.156733	0.906906	0.864757	0.839663	0.820862	0.801709	0.778085	0.748839	0.679118	0.563451	0.356681	0.148972	0.049229	0.022665	0.015028	2.342105	46.842101	?	0.885628	9	Ptremula_SwAsp011
NON_ZERO_REGIONS	346414028	51.650434	24.785581	55	12	0	0.022633	0	0.003074	0.039554	0.079632	0.011841	0.156733	1	0.953524	0.925854	0.905123	0.884005	0.857955	0.825707	0.748829	0.621289	0.393294	0.164264	0.054283	0.024992	0.01657	1.565165	3.228152	10.330087	0.975963	16	Ptremula_SwAsp011
WHOLE_GENOME	381973357	17.851821	12.578413	19	7	0	0.022358	0	0.0055	0.05811	0.053684	0.006227	0.145878	0.889059	0.826221	0.76298	0.652844	0.470294	0.264137	0.11597	0.018547	0.0067	0.003794	0.002556	0.001919	0.001551	0.00131	2.55026	?	?	0.85497	8	Ptremula_SwAsp012
NON_ZERO_REGIONS	339597001	20.079447	11.542525	20	6	0	0.022358	0	0.0055	0.05811	0.053684	0.006227	0.145878	1	0.929321	0.858188	0.734308	0.528979	0.297097	0.130441	0.020861	0.007536	0.004267	0.002875	0.002158	0.001744	0.001474	1.673287	2.868492	6.693149	0.960692	14	Ptremula_SwAsp012
WHOLE_GENOME	381973357	13.694926	10.407319	14	5	0	0.024378	0	0.005303	0.065303	0.054201	0.007599	0.156783	0.887108	0.814297	0.704798	0.488664	0.224877	0.070341	0.021944	0.006718	0.003676	0.002451	0.001842	0.001497	0.001279	0.001122	2.738985	?	?	0.845499	8	Ptremula_SwAsp013
NON_ZERO_REGIONS	338851521	15.437726	9.756593	15	4	0	0.024378	0	0.005303	0.065303	0.054201	0.007599	0.156783	1	0.917924	0.794489	0.550851	0.253495	0.079293	0.024736	0.007573	0.004143	0.002763	0.002077	0.001688	0.001441	0.001265	1.715303	3.087545	5.145909	0.951996	13	Ptremula_SwAsp013
WHOLE_GENOME	381973357	23.818671	16.251807	25	9	0	0.025856	0	0.004738	0.064367	0.039971	0.008716	0.143649	0.898823	0.845297	0.800382	0.738527	0.650401	0.527143	0.368558	0.099919	0.022152	0.010414	0.00656	0.00456	0.003431	0.00274	2.381867	?	?	0.869951	9	Ptremula_SwAsp014
NON_ZERO_REGIONS	343326476	26.499844	14.926542	27	8	0	0.025856	0	0.004738	0.064367	0.039971	0.008716	0.143649	1	0.940449	0.890478	0.82166	0.723614	0.586481	0.410045	0.111167	0.024646	0.011586	0.007298	0.005073	0.003817	0.003049	1.65624	2.944427	6.624961	0.967017	15	Ptremula_SwAsp014
WHOLE_GENOME	381973357	12.462631	9.675235	13	5	0	0.024818	0	0.005098	0.071497	0.052722	0.005623	0.159758	0.881676	0.79579	0.648821	0.409862	0.171507	0.050566	0.016426	0.005508	0.003065	0.002065	0.001569	0.001268	0.001065	0.000919	3.115658	?	?	0.831047	8	Ptremula_SwAsp015
NON_ZERO_REGIONS	336776872	14.135154	9.084689	14	5	0	0.024818	0	0.005098	0.071497	0.052722	0.005623	0.159758	1	0.902588	0.735894	0.464867	0.194524	0.057353	0.01863	0.006248	0.003476	0.002342	0.00178	0.001438	0.001208	0.001042	1.766894	2.827031	7.067577	0.941185	12	Ptremula_SwAsp015
WHOLE_GENOME	381973357	9.213921	7.774857	9	4	0	0.024517	0	0.005394	0.067985	0.06484	0.004853	0.167588	0.869398	0.748592	0.483552	0.178335	0.040354	0.011032	0.005481	0.002584	0.001698	0.001304	0.001074	0.000916	0.000795	0.000698	3.071307	?	?	0.799199	7	Ptremula_SwAsp016
NON_ZERO_REGIONS	332086958	10.598045	7.406754	10	4	0	0.024517	0	0.005394	0.067985	0.06484	0.004853	0.167588	1	0.861046	0.556191	0.205124	0.046416	0.012689	0.006305	0.002972	0.001954	0.0015	0.001235	0.001053	0.000915	0.000803	1.766341	3.532682	5.299022	0.917715	11	Ptremula_SwAsp016
WHOLE_GENOME	381973357	4.824692	4.367972	5	2	0	0.024029	0	0.008724	0.023623	0.015333	0.003494	0.075204	0.848071	0.508049	0.091038	0.010442	0.003136	0.001769	0.001216	0.000726	0.000499	0.000364	0.00027	0.000205	0.000162	0.000131	4.824692	?	?	0.674547	5	Ptremula_SwAsp018
NON_ZERO_REGIONS	323940413	5.689022	4.192848	5	2	0	0.024029	0	0.008724	0.023623	0.015333	0.003494	0.075204	1	0.599065	0.107348	0.012313	0.003698	0.002086	0.001434	0.000856	0.000589	0.000429	0.000319	0.000242	0.000191	0.000154	1.896341	2.844511	5.689022	0.79423	7	Ptremula_SwAsp018
WHOLE_GENOME	381973357	17.063833	12.461191	18	7	0	0.025977	0	0.005081	0.064275	0.05054	0.007787	0.15366	0.889829	0.824589	0.747911	0.623268	0.435302	0.226989	0.087776	0.014887	0.006963	0.004271	0.002979	0.002262	0.001809	0.00151	2.843972	?	?	0.853305	8	Ptremula_SwAsp021
NON_ZERO_REGIONS	339890804	19.17654	11.575516	19	6	0	0.025977	0	0.005081	0.064275	0.05054	0.007787	0.15366	1	0.926683	0.840511	0.700436	0.489198	0.255093	0.098644	0.01673	0.007825	0.0048	0.003348	0.002542	0.002033	0.001697	1.743322	3.19609	6.39218	0.957919	14	Ptremula_SwAsp021
WHOLE_GENOME	381973357	13.66225	10.228701	14	6	0	0.025127	0	0.005555	0.063979	0.048591	0.005291	0.148543	0.886294	0.810235	0.69274	0.48561	0.233459	0.075383	0.023364	0.007166	0.003873	0.002532	0.001864	0.001472	0.00121	0.001034	2.73245	?	?	0.842267	8	Ptremula_SwAsp022
NON_ZERO_REGIONS	338540523	15.415039	9.540963	15	5	0	0.025127	0	0.005555	0.063979	0.048591	0.005291	0.148543	1	0.914183	0.781615	0.547911	0.26341	0.085055	0.026362	0.008085	0.00437	0.002857	0.002103	0.00166	0.001365	0.001167	1.712782	3.083008	5.138346	0.94922	13	Ptremula_SwAsp022
WHOLE_GENOME	381973357	14.53865	10.404184	15	6	0	0.023722	0	0.00666	0.023909	0.009229	0.005283	0.068803	0.88592	0.817437	0.714973	0.514654	0.280825	0.11994	0.044799	0.00908	0.00413	0.002487	0.001712	0.001268	0.000993	0.000808	2.423108	?	?	0.848396	8	Ptremula_SwAsp023
NON_ZERO_REGIONS	338397787	16.410796	9.56361	16	5	0	0.023722	0	0.00666	0.023909	0.009229	0.005283	0.068803	1	0.922698	0.80704	0.580926	0.316987	0.135385	0.050568	0.01025	0.004662	0.002807	0.001933	0.001432	0.001121	0.000912	1.64108	2.735133	5.470265	0.957158	14	Ptremula_SwAsp023
WHOLE_GENOME	381973357	8.402328	6.963283	8	4	0	0.022458	0	0.005942	0.065542	0.071001	0.005759	0.170703	0.870265	0.733242	0.41299	0.127074	0.027414	0.007845	0.003974	0.002004	0.001367	0.00105	0.000845	0.000701	0.000591	0.000501	2.800776	?	?	0.791917	7	Ptremula_SwAsp024
NON_ZERO_REGIONS	332418168	9.654904	6.604699	9	3	0	0.022458	0	0.005942	0.065542	0.071001	0.005759	0.170703	1	0.84255	0.474556	0.146018	0.031501	0.009015	0.004566	0.002303	0.001571	0.001207	0.000971	0.000805	0.000679	0.000575	1.930981	3.218301	4.827452	0.90846	10	Ptremula_SwAsp024
WHOLE_GENOME	381973357	16.877921	12.210926	18	7	0	0.024524	0	0.005674	0.072263	0.035624	0.006425	0.144511	0.892378	0.826919	0.746879	0.616501	0.423752	0.21784	0.083847	0.014001	0.006365	0.003841	0.002666	0.002019	0.001621	0.001353	2.812987	?	?	0.855131	8	Ptremula_SwAsp025
NON_ZERO_REGIONS	340864522	18.913427	11.339791	19	6	0	0.024524	0	0.005674	0.072263	0.035624	0.006425	0.144511	1	0.926647	0.836954	0.690852	0.474857	0.244112	0.093959	0.015689	0.007133	0.004305	0.002987	0.002263	0.001816	0.001516	1.719402	3.152238	6.304476	0.957184	14	Ptremula_SwAsp025
WHOLE_GENOME	381973357	18.039867	13.133605	19	7	0	0.021885	0	0.003838	0.058639	0.129956	0.007458	0.221777	0.889362	0.826608	0.764792	0.655305	0.470146	0.265171	0.122349	0.022996	0.007894	0.004508	0.003103	0.002373	0.001926	0.001637	2.577124	?	?	0.856927	8	Ptremula_SwAsp026
NON_ZERO_REGIONS	339712550	20.284056	12.183126	20	6	0	0.021885	0	0.003838	0.058639	0.129956	0.007458	0.221777	1	0.92944	0.859933	0.736826	0.528634	0.298159	0.137569	0.025856	0.008876	0.005069	0.003489	0.002668	0.002165	0.00184	1.690338	2.897722	6.761352	0.962496	14	Ptremula_SwAsp026
WHOLE_GENOME	381973357	8.202913	7.0238	8	4	0	0.023197	0	0.005939	0.086498	0.045617	0.004426	0.165676	0.867258	0.718646	0.400076	0.118881	0.023908	0.007283	0.003889	0.001899	0.001267	0.000981	0.000817	0.000706	0.000619	0.000547	4.101456	?	?	0.778672	7	Ptremula_SwAsp028
NON_ZERO_REGIONS	331269373	9.458448	6.708902	9	3	0	0.023197	0	0.005939	0.086498	0.045617	0.004426	0.165676	1	0.828641	0.461311	0.137077	0.027567	0.008398	0.004484	0.00219	0.001461	0.001132	0.000943	0.000814	0.000714	0.000631	1.89169	3.152816	4.729224	0.895711	10	Ptremula_SwAsp028
WHOLE_GENOME	381973357	7.854306	6.697092	8	4	0	0.024514	0	0.005816	0.084683	0.054103	0.004312	0.173429	0.866062	0.70799	0.36746	0.099804	0.020122	0.006713	0.00376	0.00189	0.001254	0.000948	0.000764	0.000637	0.000539	0.00046	3.927153	?	?	0.773071	6	Ptremula_SwAsp029
NON_ZERO_REGIONS	330812791	9.068983	6.38525	9	3	0	0.024514	0	0.005816	0.084683	0.054103	0.004312	0.173429	1	0.817481	0.424289	0.115239	0.023233	0.007751	0.004342	0.002182	0.001448	0.001094	0.000882	0.000736	0.000622	0.000531	1.813797	3.022994	4.534492	0.890402	10	Ptremula_SwAsp029
WHOLE_GENOME	381973357	21.166554	14.731127	22	9	0	0.024118	0	0.0043	0.070929	0.063166	0.006597	0.169109	0.894025	0.835554	0.782452	0.704735	0.588468	0.42841	0.254804	0.05186	0.013777	0.007277	0.004665	0.003306	0.002531	0.002023	2.645819	?	?	0.861708	9	Ptremula_SwAsp030
NON_ZERO_REGIONS	341493807	23.675568	13.53983	24	7	0	0.024118	0	0.0043	0.070929	0.063166	0.006597	0.169109	1	0.934597	0.875201	0.788272	0.658223	0.479193	0.285007	0.058008	0.01541	0.00814	0.005218	0.003698	0.002831	0.002263	1.691112	2.959446	7.891856	0.962688	14	Ptremula_SwAsp030
WHOLE_GENOME	381973357	20.88365	14.237384	22	8	0	0.023316	0	0.005264	0.055815	0.036979	0.006727	0.1281	0.89586	0.839204	0.788845	0.712958	0.589885	0.413793	0.231875	0.042999	0.011759	0.006283	0.004023	0.002878	0.002222	0.001811	2.320406	?	?	0.865267	9	Ptremula_SwAsp032
NON_ZERO_REGIONS	342194568	23.311293	13.025938	24	7	0	0.023316	0	0.005264	0.055815	0.036979	0.006727	0.1281	1	0.936758	0.880545	0.795836	0.658457	0.461895	0.258829	0.047998	0.013126	0.007014	0.004491	0.003213	0.00248	0.002021	1.665092	2.913912	7.770431	0.96496	15	Ptremula_SwAsp032
WHOLE_GENOME	381973357	20.14379	14.675031	21	9	0	0.026995	0	0.004475	0.045782	0.052429	0.009103	0.138783	0.894934	0.833938	0.76796	0.672784	0.542945	0.381345	0.219626	0.044003	0.012783	0.007017	0.004538	0.003231	0.002496	0.002031	2.877684	?	?	0.861413	9	Ptremula_SwAsp033
NON_ZERO_REGIONS	341840814	22.508696	13.68973	23	7	0	0.026995	0	0.004475	0.045782	0.052429	0.009103	0.138783	1	0.931844	0.85812	0.751769	0.606687	0.426116	0.24541	0.049169	0.014284	0.007841	0.00507	0.00361	0.002789	0.00227	1.875725	3.215528	7.502899	0.961532	14	Ptremula_SwAsp033
WHOLE_GENOME	381973357	8.704157	7.555709	9	4	0	0.025872	0	0.006532	0.07103	0.036597	0.005916	0.145948	0.872496	0.73452	0.438807	0.146135	0.031661	0.009295	0.004832	0.002374	0.001596	0.00123	0.001018	0.000865	0.00075	0.000662	2.901386	?	?	0.789809	7	Ptremula_SwAsp034
NON_ZERO_REGIONS	333270235	9.976157	7.262358	10	3	0	0.025872	0	0.006532	0.07103	0.036597	0.005916	0.145948	1	0.841861	0.502933	0.167491	0.036288	0.010654	0.005538	0.002721	0.00183	0.00141	0.001167	0.000991	0.00086	0.000759	1.995231	3.325386	4.988078	0.903565	10	Ptremula_SwAsp034
WHOLE_GENOME	381973357	18.531815	13.321996	19	8	0	0.024932	0	0.004434	0.067923	0.058002	0.006826	0.162117	0.893331	0.831934	0.763971	0.657	0.496601	0.301449	0.140526	0.023102	0.009101	0.005452	0.003728	0.002788	0.002211	0.00182	2.647402	?	?	0.858771	9	Ptremula_SwAsp035
NON_ZERO_REGIONS	341228552	20.744629	12.359744	21	6	0	0.024932	0	0.004434	0.067923	0.058002	0.006826	0.162117	1	0.931273	0.855194	0.73545	0.555898	0.337444	0.157306	0.02586	0.010188	0.006103	0.004173	0.00312	0.002475	0.002037	1.728719	2.963518	6.914876	0.960178	14	Ptremula_SwAsp035
WHOLE_GENOME	381973357	14.393467	10.757274	15	6	0	0.024479	0	0.00577	0.071753	0.028001	0.005142	0.135145	0.884734	0.81078	0.700121	0.515297	0.285877	0.113047	0.036774	0.008089	0.004116	0.002613	0.001883	0.001475	0.001215	0.001036	2.878693	?	?	0.84051	8	Ptremula_SwAsp036
NON_ZERO_REGIONS	337944730	16.268698	10.014371	16	5	0	0.024479	0	0.00577	0.071753	0.028001	0.005142	0.135145	1	0.916411	0.791336	0.582431	0.323122	0.127775	0.041565	0.009142	0.004652	0.002953	0.002129	0.001667	0.001373	0.001171	1.807633	3.25374	5.422899	0.948705	13	Ptremula_SwAsp036
WHOLE_GENOME	381973357	4.57135	4.332269	4	3	0	0.023353	0	0.006526	0.08874	0.06308	0.003736	0.185435	0.83459	0.468986	0.084554	0.010345	0.002989	0.001681	0.001174	0.000726	0.000499	0.000357	0.000261	0.000193	0.000151	0.000121	4.57135	?	?	0.646498	5	Ptremula_SwAsp037
NON_ZERO_REGIONS	318791240	5.477358	4.186384	5	2	0	0.023353	0	0.006526	0.08874	0.06308	0.003736	0.185435	1	0.561935	0.101311	0.012395	0.003582	0.002014	0.001406	0.000869	0.000598	0.000427	0.000312	0.000232	0.000181	0.000145	1.825786	2.738679	5.477358	0.770949	6	Ptremula_SwAsp037
WHOLE_GENOME	381973357	18.894722	13.260312	20	7	0	0.021852	0	0.006227	0.039822	0.136376	0.005582	0.209859	0.890893	0.831266	0.776825	0.690059	0.533537	0.312674	0.132883	0.020778	0.008597	0.004923	0.003264	0.002415	0.001922	0.00161	2.36184	?	?	0.861078	9	Ptremula_SwAsp038
NON_ZERO_REGIONS	340297527	21.208736	12.17756	22	6	0	0.021852	0	0.006227	0.039822	0.136376	0.005582	0.209859	1	0.933071	0.871962	0.77457	0.598878	0.350967	0.149157	0.023322	0.00965	0.005526	0.003663	0.002711	0.002158	0.001807	1.631441	3.029819	7.069579	0.965795	15	Ptremula_SwAsp038
WHOLE_GENOME	381973357	7.501787	6.324572	7	4	0	0.022876	0	0.005878	0.087523	0.061755	0.002988	0.18102	0.863239	0.699674	0.33644	0.079898	0.015015	0.005146	0.002953	0.001588	0.001113	0.000867	0.000705	0.000586	0.000492	0.000414	3.750894	?	?	0.768045	6	Ptremula_SwAsp039
NON_ZERO_REGIONS	329734313	8.690278	6.000754	8	3	0	0.022876	0	0.005878	0.087523	0.061755	0.002988	0.18102	1	0.810522	0.389741	0.092557	0.017394	0.005962	0.003421	0.001839	0.00129	0.001004	0.000817	0.000679	0.00057	0.000479	1.738056	2.896759	4.345139	0.887547	9	Ptremula_SwAsp039
WHOLE_GENOME	381973357	18.847288	13.795019	19	8	0	0.024674	0	0.004491	0.091496	0.049267	0.006337	0.176265	0.889876	0.8285	0.758478	0.650627	0.499688	0.322196	0.167109	0.030359	0.009861	0.005621	0.003726	0.002738	0.002152	0.001781	2.69247	?	?	0.854005	8	Ptremula_SwAsp040
NON_ZERO_REGIONS	339908895	21.179681	12.823946	21	7	0	0.024674	0	0.004491	0.091496	0.049267	0.006337	0.176265	1	0.931028	0.852341	0.731143	0.561526	0.362068	0.187789	0.034117	0.011081	0.006316	0.004187	0.003077	0.002418	0.002002	1.764973	3.025669	7.059894	0.958282	14	Ptremula_SwAsp040
WHOLE_GENOME	381973357	20.794654	14.443276	22	8	0	0.025443	0	0.005064	0.053939	0.03074	0.006225	0.121412	0.894751	0.838689	0.781028	0.69564	0.574213	0.41226	0.239505	0.046431	0.013275	0.007213	0.004592	0.003226	0.002446	0.001948	2.599332	?	?	0.86418	9	Ptremula_SwAsp041
NON_ZERO_REGIONS	341771010	23.240718	13.277741	23	7	0	0.025443	0	0.005064	0.053939	0.03074	0.006225	0.121412	1	0.937343	0.8729	0.777467	0.641758	0.460754	0.267678	0.051892	0.014836	0.008062	0.005132	0.003606	0.002733	0.002177	1.787748	2.90509	7.746906	0.965017	15	Ptremula_SwAsp041
WHOLE_GENOME	381973357	18.080856	12.921178	19	7	0	0.025534	0	0.005196	0.055366	0.042651	0.007397	0.136145	0.902833	0.832794	0.760404	0.647463	0.480252	0.279103	0.121485	0.019124	0.007921	0.00463	0.003103	0.002318	0.001844	0.001539	2.582979	18.080856	?	0.86464	9	Ptremula_SwAsp042
NON_ZERO_REGIONS	344858050	20.026806	12.081159	20	6	0	0.025534	0	0.005196	0.055366	0.042651	0.007397	0.136145	1	0.922423	0.842242	0.717146	0.531939	0.309141	0.13456	0.021182	0.008774	0.005128	0.003437	0.002567	0.002042	0.001704	1.820619	3.337801	6.675602	0.956691	14	Ptremula_SwAsp042
WHOLE_GENOME	381973357	14.565059	10.975076	15	6	0	0.024363	0	0.00575	0.059183	0.038002	0.006231	0.133529	0.884991	0.812422	0.70889	0.528133	0.292702	0.113624	0.036351	0.008197	0.004233	0.002741	0.002007	0.001581	0.001308	0.001127	2.913012	?	?	0.843798	8	Ptremula_SwAsp043
NON_ZERO_REGIONS	338042921	16.457865	10.244714	16	5	0	0.024363	0	0.00575	0.059183	0.038002	0.006231	0.133529	1	0.918001	0.801014	0.596767	0.33074	0.12839	0.041075	0.009262	0.004783	0.003097	0.002268	0.001787	0.001478	0.001274	1.645786	3.291573	5.485955	0.952414	13	Ptremula_SwAsp043
WHOLE_GENOME	381973357	16.972353	12.115477	17	7	0	0.022301	0	0.006272	0.059756	0.041264	0.00702	0.136613	0.907537	0.831574	0.751684	0.611381	0.408846	0.220069	0.098841	0.01657	0.005507	0.003157	0.002181	0.001695	0.001409	0.00122	2.424622	16.972353	?	0.866309	9	Ptremula_SwAsp044
NON_ZERO_REGIONS	346654816	18.701563	11.37545	18	6	0	0.022301	0	0.006272	0.059756	0.041264	0.00702	0.136613	1	0.916298	0.828269	0.673671	0.450501	0.24249	0.108911	0.018258	0.006068	0.003478	0.002404	0.001867	0.001552	0.001344	1.700142	3.116927	6.233854	0.953581	13	Ptremula_SwAsp044
WHOLE_GENOME	381973357	18.923226	13.63936	20	8	0	0.026642	0	0.005018	0.063686	0.038276	0.007178	0.140801	0.895707	0.834897	0.766796	0.662534	0.512217	0.32306	0.155695	0.025291	0.009756	0.005684	0.003782	0.002782	0.002187	0.001804	2.703318	?	?	0.861793	9	Ptremula_SwAsp045
NON_ZERO_REGIONS	342136178	21.126583	12.694238	21	7	0	0.026642	0	0.005018	0.063686	0.038276	0.007178	0.140801	1	0.932109	0.856079	0.739677	0.571858	0.360676	0.173824	0.028236	0.010892	0.006346	0.004223	0.003106	0.002442	0.002014	1.760549	3.018083	7.042194	0.961269	14	Ptremula_SwAsp045
WHOLE_GENOME	381973357	25.138806	16.713499	27	9	0	0.022184	0	0.003675	0.040523	0.135351	0.007875	0.209608	0.895492	0.842596	0.806339	0.761416	0.696829	0.592334	0.428145	0.113656	0.024818	0.011906	0.007472	0.005137	0.003806	0.002989	2.513881	?	?	0.86937	9	Ptremula_SwAsp046
NON_ZERO_REGIONS	342054044	28.072622	15.151948	29	7	0	0.022184	0	0.003675	0.040523	0.135351	0.007875	0.209608	1	0.94093	0.900443	0.850277	0.778153	0.661462	0.478111	0.12692	0.027715	0.013295	0.008344	0.005737	0.00425	0.003338	1.55959	2.807262	7.018156	0.970114	15	Ptremula_SwAsp046
WHOLE_GENOME	381973357	16.778241	12.313895	18	6	0	0.022724	0	0.0042	0.049838	0.122756	0.007197	0.206715	0.889286	0.826256	0.757735	0.626184	0.408427	0.197558	0.077185	0.014119	0.006132	0.003772	0.002695	0.002107	0.001743	0.001503	2.396892	?	?	0.857029	8	Ptremula_SwAsp047
NON_ZERO_REGIONS	339683624	18.867088	11.449861	19	5	0	0.022724	0	0.0042	0.049838	0.122756	0.007197	0.206715	1	0.929123	0.852071	0.704142	0.459275	0.222153	0.086794	0.015877	0.006895	0.004242	0.003031	0.002369	0.00196	0.00169	1.572257	2.695298	6.289029	0.9629	14	Ptremula_SwAsp047
WHOLE_GENOME	381973357	25.546327	17.624102	27	10	0	0.027123	0	0.004563	0.04604	0.040001	0.010144	0.127871	0.901513	0.849489	0.804801	0.744722	0.663325	0.560734	0.432899	0.161972	0.037111	0.014138	0.008717	0.005999	0.004407	0.003429	2.554633	25.546327	?	0.873428	9	Ptremula_SwAsp049
NON_ZERO_REGIONS	344354004	28.337165	16.292863	29	9	0	0.027123	0	0.004563	0.04604	0.040001	0.010144	0.127871	1	0.942292	0.892722	0.82608	0.735791	0.621992	0.480192	0.179666	0.041165	0.015683	0.009669	0.006655	0.004888	0.003803	1.771073	3.148574	7.084291	0.968131	15	Ptremula_SwAsp049
WHOLE_GENOME	381973357	18.567292	13.035986	19	7	0	0.023792	0	0.005756	0.046596	0.036896	0.005562	0.118601	0.894888	0.833854	0.773858	0.669934	0.495888	0.291936	0.137722	0.024381	0.008342	0.004674	0.003092	0.002264	0.001791	0.001496	2.320911	?	?	0.86152	9	Ptremula_SwAsp050
NON_ZERO_REGIONS	341823458	20.748169	12.026977	21	6	0	0.023792	0	0.005756	0.046596	0.036896	0.005562	0.118601	1	0.931797	0.864754	0.748623	0.554134	0.326226	0.153899	0.027245	0.009322	0.005223	0.003455	0.00253	0.002002	0.001672	1.596013	2.964024	6.916056	0.961831	14	Ptremula_SwAsp050
WHOLE_GENOME	381973357	14.84414	11.003039	15	6	0	0.024135	0	0.006743	0.025654	0.008761	0.007199	0.072492	0.891731	0.823257	0.714214	0.51158	0.291334	0.137867	0.057434	0.011209	0.004616	0.002769	0.001934	0.00148	0.001198	0.001004	2.474023	?	?	0.853604	8	Ptremula_SwAsp051
NON_ZERO_REGIONS	340617585	16.646428	10.284184	16	5	0	0.024135	0	0.006743	0.025654	0.008761	0.007199	0.072492	1	0.923212	0.80093	0.573693	0.326706	0.154606	0.064407	0.01257	0.005177	0.003105	0.002169	0.00166	0.001343	0.001126	1.664643	2.774405	5.548809	0.95674	14	Ptremula_SwAsp051
WHOLE_GENOME	381973357	16.264987	11.991184	17	7	0	0.0234	0	0.006202	0.047714	0.027996	0.007802	0.113114	0.887735	0.820922	0.735673	0.588594	0.383224	0.192774	0.078516	0.013969	0.005766	0.003445	0.00239	0.001826	0.001479	0.001253	2.710831	?	?	0.849995	8	Ptremula_SwAsp052
NON_ZERO_REGIONS	339091086	18.321896	11.148357	18	6	0	0.0234	0	0.006202	0.047714	0.027996	0.007802	0.113114	1	0.924738	0.828708	0.663029	0.431687	0.217152	0.088445	0.015735	0.006495	0.003881	0.002692	0.002057	0.001666	0.001412	1.665627	3.053649	6.107299	0.956577	14	Ptremula_SwAsp052
WHOLE_GENOME	381973357	23.604628	16.100452	25	9	0	0.024088	0	0.004344	0.041896	0.052829	0.00917	0.132326	0.898827	0.844931	0.798473	0.734239	0.645256	0.523053	0.364553	0.094196	0.020085	0.009667	0.006109	0.004215	0.003155	0.002501	2.622736	?	?	0.870186	9	Ptremula_SwAsp054
NON_ZERO_REGIONS	343328156	26.261577	14.786052	27	8	0	0.024088	0	0.004344	0.041896	0.052829	0.00917	0.132326	1	0.940036	0.88835	0.816885	0.717886	0.581929	0.405587	0.104798	0.022346	0.010755	0.006797	0.004689	0.00351	0.002782	1.750772	3.282697	6.565394	0.967422	15	Ptremula_SwAsp054
WHOLE_GENOME	381973357	23.639717	16.478652	25	9	0	0.027048	0	0.004348	0.052268	0.04267	0.007791	0.134124	0.89752	0.84406	0.795857	0.728828	0.636697	0.514242	0.362379	0.102755	0.023346	0.01104	0.007063	0.004948	0.003735	0.002962	2.626635	?	?	0.868374	9	Ptremula_SwAsp055
NON_ZERO_REGIONS	342828647	26.338936	15.213709	27	8	0	0.027048	0	0.004348	0.052268	0.04267	0.007791	0.134124	1	0.940436	0.886729	0.812046	0.709396	0.572958	0.403756	0.114488	0.026011	0.0123	0.007869	0.005513	0.004162	0.003301	1.755929	3.292367	6.584734	0.966694	15	Ptremula_SwAsp055
WHOLE_GENOME	381973357	23.642062	15.559651	25	9	0	0.023441	0	0.005132	0.045438	0.035107	0.007774	0.116892	0.911305	0.857182	0.805301	0.744132	0.656594	0.521985	0.352139	0.090775	0.019534	0.008686	0.005437	0.003786	0.002835	0.002251	2.364206	23.642062	?	0.882186	9	Ptremula_SwAsp056
NON_ZERO_REGIONS	348094409	25.94307	14.351677	27	7	0	0.023441	0	0.005132	0.045438	0.035107	0.007774	0.116892	1	0.940609	0.883678	0.816556	0.720498	0.572788	0.386411	0.09961	0.021435	0.009531	0.005967	0.004154	0.003111	0.00247	1.621442	3.242884	6.485768	0.967356	15	Ptremula_SwAsp056
WHOLE_GENOME	381973357	26.14071	17.552824	28	10	0	0.024913	0	0.004543	0.053367	0.038675	0.006939	0.128436	0.899702	0.847696	0.807238	0.755412	0.682626	0.583876	0.454185	0.175614	0.042577	0.015153	0.008839	0.005949	0.004321	0.003337	2.614071	?	?	0.871554	9	Ptremula_SwAsp057
NON_ZERO_REGIONS	343662328	29.054842	16.05549	30	9	0	0.024913	0	0.004543	0.053367	0.038675	0.006939	0.128436	1	0.942196	0.897228	0.839624	0.758724	0.648966	0.504817	0.195191	0.047324	0.016842	0.009824	0.006612	0.004802	0.003709	1.709108	3.228316	7.26371	0.967858	15	Ptremula_SwAsp057
WHOLE_GENOME	381973357	21.168546	14.386138	23	7	0	0.023949	0	0.007726	0.039108	0.088816	0.006514	0.166112	0.89659	0.838636	0.793566	0.731371	0.623978	0.435455	0.22538	0.035418	0.011908	0.006769	0.004419	0.00319	0.002474	0.002023	2.352061	?	?	0.867562	9	Ptremula_SwAsp058
NON_ZERO_REGIONS	342473676	23.61005	13.160055	24	6	0	0.023949	0	0.007726	0.039108	0.088816	0.006514	0.166112	1	0.935361	0.885093	0.815725	0.695945	0.485679	0.251374	0.039503	0.013281	0.00755	0.004928	0.003557	0.00276	0.002256	1.574003	2.951256	7.870017	0.966958	15	Ptremula_SwAsp058
WHOLE_GENOME	381973357	21.261768	14.378246	23	8	0	0.023846	0	0.005364	0.059552	0.037034	0.007014	0.132811	0.896745	0.839853	0.793205	0.724679	0.608466	0.431141	0.242044	0.045361	0.012592	0.00664	0.004216	0.002995	0.002314	0.001891	2.362419	?	?	0.866043	9	Ptremula_SwAsp059
NON_ZERO_REGIONS	342532735	23.709935	13.133631	24	6	0	0.023846	0	0.005364	0.059552	0.037034	0.007014	0.132811	1	0.936557	0.884538	0.808122	0.678527	0.480784	0.269914	0.050584	0.014042	0.007404	0.004701	0.00334	0.00258	0.002108	1.580662	2.963742	7.903312	0.964834	15	Ptremula_SwAsp059
WHOLE_GENOME	381973357	18.183891	13.115047	19	7	0	0.025793	0	0.005238	0.06897	0.038266	0.007677	0.145943	0.894773	0.8335	0.764153	0.653091	0.48564	0.281454	0.121477	0.019392	0.008367	0.004972	0.003362	0.002486	0.001971	0.001643	2.597699	?	?	0.860571	9	Ptremula_SwAsp060
NON_ZERO_REGIONS	341779318	20.322359	12.19729	20	6	0	0.025793	0	0.005238	0.06897	0.038266	0.007677	0.145943	1	0.931521	0.854019	0.729896	0.542753	0.314554	0.135763	0.021672	0.009351	0.005557	0.003758	0.002779	0.002202	0.001837	1.69353	2.903194	6.77412	0.960766	14	Ptremula_SwAsp060
WHOLE_GENOME	381973357	15.716895	11.65369	16	7	0	0.025348	0	0.005218	0.06841	0.04785	0.006593	0.153419	0.890359	0.821789	0.730318	0.577062	0.359978	0.159803	0.054075	0.010642	0.005366	0.003414	0.002464	0.001909	0.001556	0.001318	2.619483	?	?	0.851753	8	Ptremula_SwAsp061
NON_ZERO_REGIONS	340093599	17.652303	10.879696	18	5	0	0.025348	0	0.005218	0.06841	0.04785	0.006593	0.153419	1	0.922985	0.820251	0.648122	0.404306	0.179481	0.060734	0.011952	0.006026	0.003834	0.002768	0.002144	0.001748	0.001481	1.76523	2.94205	5.884101	0.955566	14	Ptremula_SwAsp061
WHOLE_GENOME	381973357	13.856506	9.95182	14	6	0	0.024754	0	0.006604	0.052206	0.027449	0.006066	0.117079	0.886783	0.814206	0.704986	0.493349	0.242001	0.084912	0.027189	0.006753	0.003445	0.002175	0.00157	0.001217	0.000989	0.000831	2.771301	?	?	0.845124	8	Ptremula_SwAsp062
NON_ZERO_REGIONS	338727559	15.625585	9.167346	15	5	0	0.024754	0	0.006604	0.052206	0.027449	0.006066	0.117079	1	0.918157	0.794992	0.556335	0.272898	0.095753	0.03066	0.007615	0.003885	0.002453	0.001771	0.001372	0.001115	0.000937	1.736176	3.125117	5.208528	0.952	13	Ptremula_SwAsp062
WHOLE_GENOME	381973357	15.851296	11.286889	17	6	0	0.022837	0	0.00817	0.038435	0.070704	0.003992	0.144137	0.889605	0.824882	0.751073	0.609097	0.365391	0.144244	0.044264	0.009604	0.004778	0.002966	0.002141	0.001688	0.001417	0.001236	2.641883	?	?	0.855678	8	Ptremula_SwAsp063
NON_ZERO_REGIONS	339805547	17.818346	10.399668	18	5	0	0.022837	0	0.00817	0.038435	0.070704	0.003992	0.144137	1	0.927245	0.844276	0.684683	0.410733	0.162144	0.049757	0.010796	0.005371	0.003334	0.002406	0.001898	0.001593	0.00139	1.61985	2.969724	5.939449	0.961169	14	Ptremula_SwAsp063
WHOLE_GENOME	381973357	13.843572	10.113839	14	6	0	0.023122	0	0.007067	0.052557	0.009371	0.005345	0.097462	0.886268	0.815083	0.706499	0.491774	0.239127	0.083643	0.026719	0.006453	0.003269	0.002091	0.001541	0.001225	0.001031	0.000892	2.768714	?	?	0.845246	8	Ptremula_SwAsp064
NON_ZERO_REGIONS	338530863	15.62007	9.363077	15	5	0	0.023122	0	0.007067	0.052557	0.009371	0.005345	0.097462	1	0.919679	0.797162	0.554882	0.269814	0.094377	0.030148	0.007282	0.003689	0.002359	0.001739	0.001382	0.001163	0.001006	1.735563	2.603345	5.20669	0.952989	13	Ptremula_SwAsp064
WHOLE_GENOME	381973357	3.595972	4.263626	3	2	0	0.027998	0	0.010174	0.044285	0.041093	0.001594	0.125145	0.829522	0.327503	0.028129	0.004214	0.002032	0.001421	0.001158	0.000908	0.000765	0.000659	0.000571	0.000492	0.00042	0.000351	3.595972	?	?	0.598762	4	Ptremula_SwAsp065
NON_ZERO_REGIONS	316855236	4.334994	4.325596	4	2	0	0.027998	0	0.010174	0.044285	0.041093	0.001594	0.125145	1	0.394809	0.033909	0.00508	0.002449	0.001713	0.001396	0.001095	0.000922	0.000794	0.000689	0.000593	0.000506	0.000423	2.167497	4.334994	4.334994	0.71987	6	Ptremula_SwAsp065
WHOLE_GENOME	381973357	13.70552	10.198321	14	6	0	0.024437	0	0.006049	0.055093	0.05228	0.007476	0.145335	0.889584	0.813473	0.686936	0.458715	0.233771	0.098489	0.037511	0.007763	0.00367	0.002334	0.001692	0.001313	0.001068	0.00089	2.741104	?	?	0.846924	8	Ptremula_SwAsp066
NON_ZERO_REGIONS	339797445	15.40666	9.523978	15	5	0	0.024437	0	0.006049	0.055093	0.05228	0.007476	0.145335	1	0.914442	0.772199	0.515651	0.262787	0.110714	0.042167	0.008727	0.004126	0.002624	0.001902	0.001476	0.0012	0.001	1.711851	3.081332	5.135553	0.950984	13	Ptremula_SwAsp066
WHOLE_GENOME	381973357	21.595671	14.868704	23	8	0	0.024931	0	0.005278	0.053459	0.025877	0.009773	0.119317	0.898713	0.843097	0.791314	0.715593	0.605553	0.449339	0.268764	0.050756	0.013392	0.007252	0.004675	0.003327	0.002534	0.00206	2.399519	?	?	0.868283	9	Ptremula_SwAsp067
NON_ZERO_REGIONS	343284364	24.029557	13.693402	24	7	0	0.024931	0	0.005278	0.053459	0.025877	0.009773	0.119317	1	0.938116	0.880497	0.796242	0.673801	0.499981	0.299055	0.056477	0.014901	0.008069	0.005202	0.003702	0.002819	0.002293	1.716397	3.003695	8.009852	0.965283	15	Ptremula_SwAsp067
WHOLE_GENOME	381973357	23.482678	15.900646	25	9	0	0.024768	0	0.005513	0.052445	0.027656	0.007823	0.118205	0.896324	0.842216	0.797507	0.735364	0.645279	0.517889	0.356567	0.094411	0.020539	0.009422	0.005899	0.004055	0.003009	0.00238	2.609186	?	?	0.866955	9	Ptremula_SwAsp068
NON_ZERO_REGIONS	342372018	26.198862	14.522875	27	8	0	0.024768	0	0.005513	0.052445	0.027656	0.007823	0.118205	1	0.939633	0.889753	0.820422	0.719917	0.577792	0.397811	0.105331	0.022914	0.010511	0.006582	0.004524	0.003357	0.002655	1.637429	2.910985	6.549715	0.966362	15	Ptremula_SwAsp068
WHOLE_GENOME	381973357	17.333738	12.336961	18	7	0	0.024697	0	0.005676	0.053857	0.045123	0.006982	0.136335	0.892997	0.830298	0.759906	0.640412	0.449149	0.233258	0.089261	0.014469	0.006525	0.003901	0.002699	0.002079	0.001702	0.001451	2.476248	?	?	0.858063	8	Ptremula_SwAsp069
NON_ZERO_REGIONS	341101030	19.410748	11.407089	20	6	0	0.024697	0	0.005676	0.053857	0.045123	0.006982	0.136335	1	0.929788	0.850961	0.717149	0.502968	0.261208	0.099957	0.016203	0.007307	0.004369	0.003022	0.002329	0.001906	0.001625	1.617562	2.772964	6.470249	0.95987	14	Ptremula_SwAsp069
WHOLE_GENOME	381973357	15.75824	11.186784	17	6	0	0.02289	0	0.004596	0.045698	0.080898	0.005223	0.159304	0.891769	0.827001	0.750203	0.601295	0.356257	0.141424	0.044349	0.009595	0.004754	0.002946	0.002111	0.001651	0.001373	0.001195	2.251177	?	?	0.856951	8	Ptremula_SwAsp070
NON_ZERO_REGIONS	340631932	17.670768	10.321659	18	5	0	0.02289	0	0.004596	0.045698	0.080898	0.005223	0.159304	1	0.927371	0.841253	0.674272	0.399495	0.158588	0.049731	0.010759	0.005331	0.003304	0.002367	0.001851	0.00154	0.00134	1.606433	2.945128	5.890256	0.960004	14	Ptremula_SwAsp070
WHOLE_GENOME	381973357	6.900488	6.928317	7	3	0	0.028934	0	0.008883	0.048339	0.036792	0.004964	0.127912	0.869534	0.689774	0.258913	0.041374	0.008974	0.004257	0.002751	0.001706	0.001308	0.001107	0.000981	0.000889	0.000812	0.000744	3.450244	?	?	0.766932	6	Ptremula_SwAsp071
NON_ZERO_REGIONS	332138901	7.935844	6.854732	7	3	0	0.028934	0	0.008883	0.048339	0.036792	0.004964	0.127912	1	0.793269	0.297761	0.047582	0.01032	0.004895	0.003164	0.001962	0.001504	0.001273	0.001129	0.001023	0.000934	0.000855	1.983961	2.645281	3.967922	0.881054	9	Ptremula_SwAsp071
WHOLE_GENOME	381973357	5.379054	4.9827	5	3	0	0.023372	0	0.007352	0.068116	0.015645	0.00481	0.119296	0.850843	0.540453	0.148494	0.025589	0.005468	0.002401	0.001519	0.000856	0.000577	0.000415	0.000314	0.000248	0.000201	0.000168	5.379054	?	?	0.688193	5	Ptremula_SwAsp072
NON_ZERO_REGIONS	324999223	6.322031	4.818519	6	2	0	0.023372	0	0.007352	0.068116	0.015645	0.00481	0.119296	1	0.635198	0.174526	0.030075	0.006426	0.002822	0.001786	0.001006	0.000678	0.000488	0.000369	0.000291	0.000236	0.000197	2.107344	3.161016	6.322031	0.807087	7	Ptremula_SwAsp072
WHOLE_GENOME	381973357	22.301386	15.906346	23	9	0	0.025776	0	0.003863	0.027526	0.069345	0.010824	0.137334	0.900571	0.842155	0.786805	0.708571	0.603161	0.467319	0.309972	0.074654	0.017349	0.009001	0.005798	0.004092	0.003128	0.002543	2.787673	22.301386	?	0.871211	9	Ptremula_SwAsp073
NON_ZERO_REGIONS	343994283	24.763596	14.831478	25	8	0	0.025776	0	0.003863	0.027526	0.069345	0.010824	0.137334	1	0.935134	0.873673	0.786802	0.669753	0.518914	0.344195	0.082896	0.019265	0.009995	0.006438	0.004544	0.003473	0.002824	1.768828	3.095449	8.254532	0.966878	15	Ptremula_SwAsp073
WHOLE_GENOME	381973357	19.728579	14.168785	21	8	0	0.024638	0	0.004269	0.0253	0.064042	0.01248	0.130729	0.896509	0.836764	0.775312	0.683281	0.54685	0.362987	0.185109	0.029486	0.010283	0.005961	0.003946	0.002892	0.002281	0.001904	2.466072	?	?	0.865516	9	Ptremula_SwAsp074
NON_ZERO_REGIONS	342442576	22.006	13.183784	22	7	0	0.024638	0	0.004269	0.0253	0.064042	0.01248	0.130729	1	0.933358	0.864813	0.762157	0.609977	0.404889	0.206478	0.03289	0.01147	0.006649	0.004402	0.003225	0.002544	0.002124	1.692769	3.143714	7.335333	0.964902	15	Ptremula_SwAsp074
WHOLE_GENOME	381973357	34.175629	21.813715	37	13	0	0.025499	0	0.004808	0.025097	0.031208	0.010671	0.097283	0.905508	0.859132	0.828259	0.796087	0.753352	0.699512	0.635983	0.455034	0.210428	0.058076	0.020026	0.012154	0.008528	0.00625	2.441116	34.175629	?	0.882551	9	Ptremula_SwAsp076
NON_ZERO_REGIONS	345879809	37.741954	19.771019	40	11	0	0.025499	0	0.004808	0.025097	0.031208	0.010671	0.097283	1	0.948785	0.914691	0.879161	0.831966	0.772508	0.70235	0.502518	0.232386	0.064136	0.022116	0.013423	0.009418	0.006902	1.715543	3.145163	9.435488	0.974268	16	Ptremula_SwAsp076
WHOLE_GENOME	381973357	17.599391	12.273836	19	6	0	0.024885	0	0.005455	0.046716	0.040746	0.007353	0.125156	0.89672	0.837138	0.773124	0.659095	0.459245	0.232385	0.087989	0.015362	0.007123	0.004313	0.002989	0.002266	0.001822	0.001527	2.199924	?	?	0.864011	9	Ptremula_SwAsp077
NON_ZERO_REGIONS	342523294	19.626398	11.323205	20	5	0	0.024885	0	0.005455	0.046716	0.040746	0.007353	0.125156	1	0.933555	0.862168	0.735006	0.512138	0.25915	0.098123	0.017131	0.007943	0.00481	0.003334	0.002527	0.002031	0.001702	1.635533	2.803771	6.542133	0.962687	14	Ptremula_SwAsp077
WHOLE_GENOME	381973357	20.276742	13.975446	22	7	0	0.024601	0	0.005294	0.047638	0.043633	0.009413	0.130578	0.89656	0.839043	0.789814	0.713667	0.578981	0.380537	0.191742	0.031822	0.010824	0.006229	0.004132	0.003002	0.002334	0.001922	2.252971	?	?	0.865981	9	Ptremula_SwAsp078
NON_ZERO_REGIONS	342462182	22.616147	12.842849	23	6	0	0.024601	0	0.005294	0.047638	0.043633	0.009413	0.130578	1	0.935847	0.880937	0.796005	0.645781	0.424441	0.213864	0.035494	0.012073	0.006948	0.004609	0.003348	0.002604	0.002144	1.615439	2.827018	7.538716	0.965051	15	Ptremula_SwAsp078
WHOLE_GENOME	381973357	16.729975	12.47652	17	7	0	0.027473	0	0.005456	0.053087	0.034269	0.0093	0.129585	0.893698	0.826969	0.740715	0.603339	0.412264	0.213185	0.082781	0.014185	0.006656	0.004121	0.002916	0.002235	0.00181	0.001534	2.788329	?	?	0.855931	8	Ptremula_SwAsp079
NON_ZERO_REGIONS	341368844	18.719941	11.701584	19	6	0	0.027473	0	0.005456	0.053087	0.034269	0.0093	0.129585	1	0.925334	0.82882	0.675104	0.461301	0.238542	0.092628	0.015872	0.007447	0.004611	0.003263	0.002501	0.002025	0.001717	1.701813	3.11999	6.23998	0.956803	14	Ptremula_SwAsp079
WHOLE_GENOME	381973357	20.435037	14.325158	22	8	0	0.024749	0	0.005663	0.034896	0.024964	0.007885	0.098157	0.895375	0.835277	0.775703	0.690096	0.568002	0.401567	0.224534	0.039484	0.011785	0.006591	0.004278	0.003056	0.002359	0.00191	2.55438	?	?	0.86297	9	Ptremula_SwAsp080
NON_ZERO_REGIONS	342009291	22.822888	13.21709	23	7	0	0.024749	0	0.005663	0.034896	0.024964	0.007885	0.098157	1	0.932879	0.866344	0.770734	0.634374	0.44849	0.250771	0.044097	0.013163	0.007361	0.004778	0.003413	0.002635	0.002133	1.755607	3.260413	7.607629	0.963097	14	Ptremula_SwAsp080
WHOLE_GENOME	381973357	28.758686	19.643119	31	12	0	0.026788	0	0.004336	0.033361	0.039417	0.01293	0.116833	0.904076	0.853903	0.812693	0.762158	0.696357	0.617129	0.523038	0.280356	0.083596	0.023418	0.012464	0.008411	0.006064	0.004607	2.614426	28.758686	?	0.877858	9	Ptremula_SwAsp081
NON_ZERO_REGIONS	345332992	31.810027	18.158425	33	10	0	0.026788	0	0.004336	0.033361	0.039417	0.01293	0.116833	1	0.944504	0.898921	0.843024	0.770241	0.682608	0.578533	0.310102	0.092466	0.025903	0.013786	0.009303	0.006707	0.005096	1.767224	3.534447	7.952507	0.97042	15	Ptremula_SwAsp081
WHOLE_GENOME	381973357	17.861205	12.416551	19	7	0	0.024151	0	0.005935	0.038273	0.027821	0.006005	0.102185	0.893462	0.833065	0.769985	0.66063	0.475141	0.257237	0.104818	0.016346	0.00652	0.00378	0.00257	0.001947	0.00158	0.001349	2.551601	?	?	0.860811	9	Ptremula_SwAsp082
NON_ZERO_REGIONS	341278737	19.991003	11.400767	20	6	0	0.024151	0	0.005935	0.038273	0.027821	0.006005	0.102185	1	0.932401	0.861799	0.739404	0.531798	0.28791	0.117317	0.018295	0.007297	0.004231	0.002876	0.002179	0.001768	0.00151	1.665917	2.855858	6.663668	0.962718	14	Ptremula_SwAsp082
WHOLE_GENOME	381973357	17.059532	12.577883	18	7	0	0.026146	0	0.005792	0.040297	0.028411	0.008551	0.109198	0.893211	0.826469	0.74055	0.609995	0.428548	0.233126	0.097211	0.016751	0.007228	0.004313	0.002941	0.002217	0.001774	0.001477	2.843255	?	?	0.856212	8	Ptremula_SwAsp084
NON_ZERO_REGIONS	341182976	19.099097	11.754292	19	6	0	0.026146	0	0.005792	0.040297	0.028411	0.008551	0.109198	1	0.925278	0.829087	0.682924	0.479784	0.260997	0.108833	0.018754	0.008092	0.004829	0.003292	0.002482	0.001986	0.001654	1.736282	3.183183	6.366366	0.957749	14	Ptremula_SwAsp084
WHOLE_GENOME	381973357	17.810349	13.092271	19	7	0	0.025336	0	0.005312	0.037768	0.041892	0.00825	0.118558	0.891246	0.827118	0.750484	0.63553	0.471327	0.272842	0.116539	0.017924	0.007645	0.004567	0.003129	0.002354	0.001904	0.001616	2.544336	?	?	0.856156	8	Ptremula_SwAsp086
NON_ZERO_REGIONS	340432066	19.98366	12.202167	20	6	0	0.025336	0	0.005312	0.037768	0.041892	0.00825	0.118558	1	0.928047	0.842062	0.713081	0.52884	0.306136	0.13076	0.020111	0.008578	0.005125	0.00351	0.002642	0.002136	0.001813	1.816696	3.33061	6.66122	0.959849	14	Ptremula_SwAsp086
WHOLE_GENOME	381973357	23.651406	16.332535	25	10	0	0.025907	0	0.004817	0.035957	0.045669	0.0095	0.12185	0.900405	0.84622	0.796329	0.728042	0.6368	0.517813	0.367362	0.101837	0.021888	0.010123	0.006337	0.004419	0.003351	0.002682	2.627934	23.651406	?	0.871675	9	Ptremula_SwAsp087
NON_ZERO_REGIONS	343930794	26.267514	15.084388	27	8	0	0.025907	0	0.004817	0.035957	0.045669	0.0095	0.12185	1	0.939821	0.884412	0.808572	0.707237	0.575088	0.407996	0.113101	0.024309	0.011243	0.007038	0.004908	0.003722	0.002979	1.751168	3.283439	6.566879	0.967425	15	Ptremula_SwAsp087
WHOLE_GENOME	381973357	23.414758	16.534737	25	10	0	0.02616	0	0.004595	0.037142	0.033651	0.008938	0.110486	0.898683	0.842504	0.786998	0.713427	0.619613	0.504772	0.364314	0.106851	0.022781	0.010326	0.006517	0.004495	0.003365	0.002695	2.926845	?	?	0.868673	9	Ptremula_SwAsp088
NON_ZERO_REGIONS	343273096	26.054514	15.344136	27	9	0	0.02616	0	0.004595	0.037142	0.033651	0.008938	0.110486	1	0.937487	0.875724	0.793858	0.689467	0.56168	0.405386	0.118897	0.02535	0.01149	0.007251	0.005001	0.003745	0.002999	1.861037	3.256814	8.684838	0.965904	15	Ptremula_SwAsp088
WHOLE_GENOME	381973357	19.82526	13.94006	21	8	0	0.02444	0	0.00527	0.03699	0.035785	0.00785	0.110335	0.895627	0.836231	0.773445	0.681172	0.547739	0.370852	0.196402	0.032756	0.010231	0.005697	0.003692	0.002667	0.002093	0.001733	2.478157	?	?	0.863627	9	Ptremula_SwAsp089
NON_ZERO_REGIONS	342105630	22.135622	12.877496	22	7	0	0.02444	0	0.00527	0.03699	0.035785	0.00785	0.110335	1	0.933682	0.86358	0.760553	0.61157	0.41407	0.21929	0.036573	0.011423	0.006361	0.004122	0.002978	0.002337	0.001935	1.70274	3.162232	7.378541	0.963515	14	Ptremula_SwAsp089
WHOLE_GENOME	381973357	18.947985	13.652449	20	8	0	0.025964	0	0.005084	0.037793	0.033522	0.007795	0.110158	0.894074	0.831083	0.75893	0.65566	0.513791	0.333683	0.165367	0.026132	0.009562	0.005603	0.00376	0.002777	0.002177	0.001795	2.706855	?	?	0.859846	9	Ptremula_SwAsp090
NON_ZERO_REGIONS	341512401	21.192863	12.684502	21	7	0	0.025964	0	0.005084	0.037793	0.033522	0.007795	0.110158	1	0.929546	0.848845	0.73334	0.574662	0.373216	0.184959	0.029228	0.010695	0.006267	0.004205	0.003106	0.002435	0.002008	1.766072	3.027552	7.064288	0.960947	14	Ptremula_SwAsp090
WHOLE_GENOME	381973357	17.755016	12.78829	19	7	0	0.024542	0	0.00484	0.037071	0.055982	0.005871	0.128306	0.894031	0.830332	0.756768	0.641334	0.468058	0.262728	0.109413	0.017256	0.007333	0.004399	0.003042	0.002301	0.001859	0.001564	2.536431	?	?	0.859889	9	Ptremula_SwAsp091
NON_ZERO_REGIONS	341496168	19.8595	11.879841	20	6	0	0.024542	0	0.00484	0.037071	0.055982	0.005871	0.128306	1	0.928751	0.846467	0.717351	0.523536	0.293869	0.122382	0.019301	0.008202	0.004921	0.003403	0.002574	0.002079	0.001749	1.654958	3.309917	6.619833	0.961024	14	Ptremula_SwAsp091
WHOLE_GENOME	381973357	23.318119	16.537725	25	10	0	0.027203	0	0.004745	0.037284	0.032997	0.011241	0.11347	0.89766	0.841989	0.788271	0.715853	0.621772	0.503209	0.35677	0.100163	0.022514	0.010795	0.006813	0.004715	0.003511	0.002781	2.590902	?	?	0.867739	9	Ptremula_SwAsp092
NON_ZERO_REGIONS	342882027	25.976573	15.349906	26	8	0	0.027203	0	0.004745	0.037284	0.032997	0.011241	0.11347	1	0.937983	0.87814	0.797466	0.692659	0.560579	0.397444	0.111583	0.02508	0.012026	0.00759	0.005253	0.003911	0.003098	1.85547	3.247072	8.658858	0.965975	15	Ptremula_SwAsp092
WHOLE_GENOME	381973357	20.067695	14.589131	21	9	0	0.026308	0	0.004688	0.037778	0.044001	0.010164	0.122938	0.894945	0.834045	0.767254	0.672929	0.547496	0.385772	0.215732	0.037555	0.011635	0.006659	0.004375	0.003165	0.002464	0.002023	2.866814	?	?	0.862128	9	Ptremula_SwAsp093
NON_ZERO_REGIONS	341845132	22.423385	13.601662	23	7	0	0.026308	0	0.004688	0.037778	0.044001	0.010164	0.122938	1	0.931952	0.857319	0.751922	0.611765	0.431056	0.241056	0.041963	0.013	0.007441	0.004889	0.003536	0.002754	0.00226	1.868615	3.203341	7.474462	0.962591	14	Ptremula_SwAsp093
WHOLE_GENOME	381973357	22.371363	14.77154	25	7	0	0.022471	0	0.005677	0.030425	0.082371	0.007639	0.148582	0.89673	0.8428	0.801114	0.74463	0.658544	0.501241	0.289545	0.046726	0.013303	0.007194	0.004481	0.003131	0.002389	0.001951	2.237136	?	?	0.869912	9	Ptremula_SwAsp094
NON_ZERO_REGIONS	342527100	24.947704	13.381063	26	6	0	0.022471	0	0.005677	0.030425	0.082371	0.007639	0.148582	1	0.939859	0.893373	0.830383	0.734384	0.558965	0.322889	0.052107	0.014835	0.008022	0.004997	0.003491	0.002665	0.002176	1.559232	2.771967	6.236926	0.96959	15	Ptremula_SwAsp094
WHOLE_GENOME	381973357	14.556668	10.669216	15	6	0	0.025319	0	0.005858	0.039422	0.031883	0.005799	0.108281	0.890891	0.815424	0.704214	0.524551	0.294725	0.115947	0.03734	0.008437	0.004208	0.002631	0.001878	0.001456	0.001187	0.001007	2.911334	?	?	0.848852	8	Ptremula_SwAsp095
NON_ZERO_REGIONS	340296587	16.339451	9.931954	16	5	0	0.025319	0	0.005858	0.039422	0.031883	0.005799	0.108281	1	0.91529	0.790461	0.588793	0.330821	0.130147	0.041913	0.00947	0.004723	0.002953	0.002108	0.001634	0.001333	0.00113	1.815495	3.26789	5.446484	0.951959	13	Ptremula_SwAsp095
WHOLE_GENOME	381973357	22.114743	15.563368	23	9	0	0.025343	0	0.004473	0.038379	0.049229	0.009825	0.12725	0.899415	0.841711	0.784467	0.70633	0.603059	0.467897	0.304906	0.067882	0.01636	0.008586	0.005419	0.003763	0.002858	0.002312	2.764343	?	?	0.868931	9	Ptremula_SwAsp096
NON_ZERO_REGIONS	343552627	24.587914	14.439406	25	8	0	0.025343	0	0.004473	0.038379	0.049229	0.009825	0.12725	1	0.935843	0.872197	0.785321	0.670501	0.520224	0.339004	0.075473	0.018189	0.009547	0.006025	0.004184	0.003177	0.002571	1.75628	3.512559	8.195971	0.96539	15	Ptremula_SwAsp096
WHOLE_GENOME	381973357	24.278055	16.603184	26	10	0	0.025272	0	0.004695	0.038018	0.032572	0.009396	0.109953	0.89998	0.846365	0.796861	0.73157	0.646047	0.53767	0.397545	0.120649	0.02479	0.010782	0.006726	0.004633	0.003458	0.002731	2.697562	?	?	0.871525	9	Ptremula_SwAsp097
NON_ZERO_REGIONS	343768299	26.976223	15.281223	28	8	0	0.025272	0	0.004695	0.038018	0.032572	0.009396	0.109953	1	0.940427	0.885421	0.812873	0.717846	0.597424	0.441726	0.134058	0.027545	0.01198	0.007473	0.005148	0.003843	0.003034	1.798415	3.372028	6.744056	0.967699	15	Ptremula_SwAsp097
WHOLE_GENOME	381973357	23.300643	16.726125	24	11	0	0.025789	0	0.005551	0.02158	0.019284	0.009262	0.081467	0.90203	0.841039	0.777144	0.697082	0.601696	0.493752	0.36675	0.118038	0.024732	0.01054	0.006606	0.004538	0.00336	0.002647	2.91258	23.300643	?	0.870626	9	Ptremula_SwAsp098
NON_ZERO_REGIONS	344551588	25.831327	15.645365	26	9	0	0.025789	0	0.005551	0.02158	0.019284	0.009262	0.081467	1	0.932385	0.86155	0.772793	0.667046	0.547378	0.406582	0.130858	0.027418	0.011684	0.007323	0.005031	0.003725	0.002935	1.987025	3.69019	8.610442	0.964753	15	Ptremula_SwAsp098
WHOLE_GENOME	381973357	18.384537	13.682882	19	8	0	0.027547	0	0.004405	0.024876	0.063607	0.011258	0.131694	0.896173	0.833301	0.758744	0.644866	0.485398	0.296306	0.137896	0.022452	0.0092	0.005503	0.003761	0.002842	0.002293	0.001928	2.626362	?	?	0.863297	9	Ptremula_SwAsp103
NON_ZERO_REGIONS	342314159	20.514498	12.853672	21	6	0	0.027547	0	0.004405	0.024876	0.063607	0.011258	0.131694	1	0.929844	0.846649	0.719578	0.541635	0.330635	0.153872	0.025053	0.010265	0.006141	0.004196	0.003171	0.002558	0.002152	1.709542	2.930643	6.838166	0.962787	14	Ptremula_SwAsp103
WHOLE_GENOME	381973357	33.381849	22.198826	36	14	0	0.027499	0	0.004391	0.030646	0.023006	0.011599	0.097142	0.906147	0.859295	0.825607	0.787772	0.737551	0.675171	0.602613	0.420266	0.204175	0.063353	0.022198	0.013187	0.00932	0.006909	2.567835	33.381849	?	0.882169	9	Ptremula_SwAsp106
NON_ZERO_REGIONS	346123928	36.83934	20.407259	38	12	0	0.027499	0	0.004391	0.030646	0.023006	0.011599	0.097142	1	0.948296	0.911118	0.869365	0.813943	0.745101	0.665028	0.463794	0.225322	0.069914	0.024497	0.014552	0.010285	0.007625	1.754254	3.349031	9.209835	0.973081	16	Ptremula_SwAsp106
WHOLE_GENOME	381973357	42.149942	27.615608	45	18	0	0.026597	0	0.0041	0.015845	0.029088	0.015413	0.091043	0.914556	0.871344	0.83951	0.806233	0.768389	0.727266	0.681629	0.569478	0.430394	0.268429	0.120688	0.042726	0.019485	0.013151	2.809996	42.149942	?	0.893622	10	Ptremula_SwAsp109
NON_ZERO_REGIONS	349336165	46.087855	25.541745	48	16	0	0.026597	0	0.0041	0.015845	0.029088	0.015413	0.091043	1	0.952751	0.917942	0.881556	0.840177	0.795211	0.745311	0.622683	0.470604	0.293507	0.131964	0.046717	0.021305	0.01438	1.920327	3.840655	9.217571	0.976869	16	Ptremula_SwAsp109
WHOLE_GENOME	381973357	34.122531	21.10199	37	12	0	0.025161	0	0.003926	0.0243	0.055619	0.011144	0.12015	0.921057	0.875831	0.841024	0.80289	0.761163	0.71315	0.649121	0.445578	0.186522	0.049005	0.01816	0.011205	0.007872	0.005818	2.274835	17.061265	?	0.89872	10	Ptremula_SwAsp110
NON_ZERO_REGIONS	351819229	37.047144	19.367788	39	10	0	0.025161	0	0.003926	0.0243	0.055619	0.011144	0.12015	1	0.950898	0.913107	0.871705	0.826402	0.774274	0.704757	0.483769	0.202509	0.053206	0.019716	0.012166	0.008547	0.006317	1.683961	3.367922	7.409429	0.975359	16	Ptremula_SwAsp110
WHOLE_GENOME	381973357	28.92996	19.223309	31	11	0	0.024744	0	0.003985	0.026163	0.053014	0.010335	0.118241	0.903056	0.853692	0.81703	0.77252	0.712391	0.635847	0.537488	0.275752	0.077137	0.021481	0.0116	0.007792	0.005598	0.004278	2.41083	28.92996	?	0.878237	9	Ptremula_SwAsp111
NON_ZERO_REGIONS	344943433	32.035612	17.598695	33	9	0	0.024744	0	0.003985	0.026163	0.053014	0.010335	0.118241	1	0.945337	0.904738	0.855451	0.788867	0.704106	0.595187	0.305354	0.085417	0.023788	0.012846	0.008629	0.006199	0.004737	1.686085	3.203561	8.008903	0.972073	16	Ptremula_SwAsp111
WHOLE_GENOME	381973357	29.47567	19.474205	32	11	0	0.02607	0	0.003832	0.035205	0.057678	0.012237	0.135021	0.90247	0.854317	0.819383	0.778769	0.722815	0.649084	0.551362	0.288275	0.086983	0.024457	0.012335	0.008188	0.005905	0.004499	2.456306	29.47567	?	0.877451	9	Ptremula_SwAsp112
NON_ZERO_REGIONS	344719588	32.661099	17.781731	34	9	0	0.02607	0	0.003832	0.035205	0.057678	0.012237	0.135021	1	0.946642	0.907933	0.862931	0.800929	0.719231	0.610948	0.319429	0.096383	0.0271	0.013668	0.009073	0.006543	0.004985	1.633055	3.26611	8.165275	0.971607	15	Ptremula_SwAsp112
WHOLE_GENOME	381973357	21.826778	15.341842	23	9	0	0.025451	0	0.004969	0.028755	0.032871	0.008947	0.100993	0.897721	0.842193	0.786257	0.705248	0.596776	0.455695	0.290172	0.061172	0.015243	0.008232	0.005274	0.003724	0.002845	0.002296	2.728347	?	?	0.86904	9	Ptremula_SwAsp113
NON_ZERO_REGIONS	342905523	24.313541	14.203044	25	8	0	0.025451	0	0.004969	0.028755	0.032871	0.008947	0.100993	1	0.938146	0.875837	0.785598	0.664768	0.507613	0.323232	0.068141	0.01698	0.00917	0.005875	0.004149	0.003169	0.002558	1.736682	3.039193	8.104514	0.967604	15	Ptremula_SwAsp113
WHOLE_GENOME	381973357	29.480248	20.241759	31	12	0	0.028644	0	0.004381	0.023739	0.031065	0.013281	0.10111	0.906578	0.857856	0.818534	0.768521	0.701637	0.620416	0.526384	0.302696	0.104965	0.029056	0.014268	0.009598	0.006925	0.005221	2.456687	29.480248	?	0.881961	9	Ptremula_SwAsp114
NON_ZERO_REGIONS	346288556	32.518168	18.792645	33	11	0	0.028644	0	0.004381	0.023739	0.031065	0.013281	0.10111	1	0.946257	0.902884	0.847717	0.77394	0.684349	0.580628	0.333889	0.115781	0.03205	0.015738	0.010587	0.007638	0.005759	1.806565	3.251817	8.129542	0.97247	16	Ptremula_SwAsp114
WHOLE_GENOME	381973357	33.75786	21.714341	37	12	0	0.025681	0	0.003085	0.031566	0.081269	0.012274	0.153874	0.908054	0.861812	0.830818	0.798513	0.755269	0.700253	0.632919	0.433603	0.188623	0.053506	0.020065	0.012288	0.008605	0.006366	2.411276	33.75786	?	0.88446	9	Ptremula_SwAsp115
NON_ZERO_REGIONS	346852250	37.176068	19.803556	39	10	0	0.025681	0	0.003085	0.031566	0.081269	0.012274	0.153874	1	0.949076	0.914944	0.879368	0.831745	0.771158	0.697007	0.477509	0.207723	0.058924	0.022096	0.013533	0.009476	0.007011	1.689821	3.098006	9.294017	0.973399	16	Ptremula_SwAsp115
WHOLE_GENOME	381973357	10.066	7.845329	10	4	0	0.023986	0	0.006946	0.022678	0.019715	0.006219	0.079543	0.901189	0.78696	0.537148	0.220492	0.059045	0.015354	0.006266	0.0027	0.001719	0.001253	0.000995	0.000835	0.000717	0.000631	2.5165	10.066	?	0.835993	8	Ptremula_SwAsp116
NON_ZERO_REGIONS	344230335	11.169684	7.481305	11	4	0	0.023986	0	0.006946	0.022678	0.019715	0.006219	0.079543	1	0.873245	0.596043	0.244668	0.065519	0.017037	0.006953	0.002996	0.001907	0.00139	0.001105	0.000926	0.000796	0.0007	1.861614	2.792421	5.584842	0.927102	11	Ptremula_SwAsp116
