## METRICS CLASS	picard.analysis.CollectWgsMetricsWithNonZeroCoverage$WgsMetricsWithNonZeroCoverage
CATEGORY	GENOME_TERRITORY	MEAN_COVERAGE	SD_COVERAGE	MEDIAN_COVERAGE	MAD_COVERAGE	PCT_EXC_ADAPTER	PCT_EXC_MAPQ	PCT_EXC_DUPE	PCT_EXC_UNPAIRED	PCT_EXC_BASEQ	PCT_EXC_OVERLAP	PCT_EXC_CAPPED	PCT_EXC_TOTAL	PCT_1X	PCT_5X	PCT_10X	PCT_15X	PCT_20X	PCT_25X	PCT_30X	PCT_40X	PCT_50X	PCT_60X	PCT_70X	PCT_80X	PCT_90X	PCT_100X	FOLD_80_BASE_PENALTY	FOLD_90_BASE_PENALTY	FOLD_95_BASE_PENALTY	HET_SNP_SENSITIVITY	HET_SNP_Q
WHOLE_GENOME	432523942	2.050287	6.873494	0	0	0	0.008672	0	0.000791	0.008908	0.070033	0.003883	0.092287	0.360203	0.089882	0.060073	0.042848	0.030614	0.02147	0.014798	0.006817	0.003174	0.001527	0.000778	0.000434	0.000271	0.000196	?	?	?	0.223323	1	Pdeltoides_UF0001
NON_ZERO_REGIONS	155796387	5.692032	10.508711	2	1	0	0.008672	0	0.000791	0.008908	0.070033	0.003883	0.092287	1	0.249531	0.166777	0.118954	0.08499	0.059604	0.041084	0.018927	0.008811	0.004241	0.002161	0.001204	0.000751	0.000543	5.692032	5.692032	5.692032	0.617687	4	Pdeltoides_UF0001
WHOLE_GENOME	432523942	2.155933	6.344862	0	0	0	0.008832	0	0.000737	0.009317	0.070129	0.001117	0.090133	0.397262	0.103753	0.067542	0.046223	0.03131	0.020508	0.012847	0.004584	0.001646	0.000674	0.000338	0.000217	0.000161	0.000131	?	?	?	0.247937	1	Pdeltoides_UF0002
NON_ZERO_REGIONS	171825475	5.426976	9.142476	2	1	0	0.008832	0	0.000737	0.009317	0.070129	0.001117	0.090133	1	0.261169	0.170019	0.116354	0.078815	0.051623	0.032338	0.011539	0.004144	0.001696	0.000851	0.000546	0.000406	0.000329	5.426976	5.426976	5.426976	0.62218	4	Pdeltoides_UF0002
WHOLE_GENOME	432523942	2.380007	6.784939	0	0	0	0.008707	0	0.000687	0.013162	0.066238	0.000208	0.089002	0.45353	0.097483	0.064617	0.04768	0.03523	0.025492	0.017814	0.007788	0.002986	0.001053	0.000381	0.000167	0.000094	0.000064	?	?	?	0.272781	1	Pdeltoides_UF0003
NON_ZERO_REGIONS	196162626	5.247738	9.298146	2	1	0	0.008707	0	0.000687	0.013162	0.066238	0.000208	0.089002	1	0.214943	0.142476	0.105132	0.077679	0.056208	0.039279	0.017172	0.006584	0.002321	0.00084	0.000367	0.000206	0.000142	5.247738	5.247738	5.247738	0.598586	4	Pdeltoides_UF0003
WHOLE_GENOME	432523942	1.966946	6.019044	0	0	0	0.010636	0	0.001121	0.00835	0.060781	0.002852	0.083741	0.432649	0.091435	0.055167	0.035829	0.022852	0.014291	0.008878	0.003695	0.001914	0.001133	0.000672	0.000404	0.000268	0.0002	?	?	?	0.263513	1	Pdeltoides_UF0009
NON_ZERO_REGIONS	187131267	4.54628	8.485924	2	1	0	0.010636	0	0.001121	0.00835	0.060781	0.002852	0.083741	1	0.211338	0.127511	0.082812	0.052819	0.033032	0.02052	0.008541	0.004423	0.002619	0.001552	0.000935	0.00062	0.000462	4.54628	4.54628	4.54628	0.607056	4	Pdeltoides_UF0009
WHOLE_GENOME	432523942	3.863165	8.698928	1	1	0	0.012504	0	0.00105	0.006731	0.077135	0.003495	0.100915	0.604874	0.235552	0.077973	0.051948	0.039695	0.03059	0.023261	0.012655	0.006522	0.003461	0.00207	0.00143	0.001074	0.000823	?	?	?	0.442746	3	Pdeltoides_UF0012
NON_ZERO_REGIONS	261622334	6.38673	10.439607	4	2	0	0.012504	0	0.00105	0.006731	0.077135	0.003495	0.100915	1	0.389424	0.128907	0.085883	0.065625	0.050572	0.038456	0.020921	0.010782	0.005721	0.003423	0.002364	0.001776	0.001361	3.193365	6.38673	6.38673	0.731137	6	Pdeltoides_UF0012
WHOLE_GENOME	432523942	0.68389	1.716097	0	0	0	0.01244	0	0.001264	0.006717	0.079927	0.000494	0.100842	0.319897	0.030349	0.005978	0.001005	0.000244	0.000117	0.00008	0.000051	0.000038	0.00003	0.000025	0.00002	0.000017	0.000014	?	?	?	0.178252	1	Pdeltoides_UF0013
NON_ZERO_REGIONS	138363258	2.137843	2.469357	1	0	0	0.01244	0	0.001264	0.006717	0.079927	0.000494	0.100842	1	0.094872	0.018687	0.003142	0.000764	0.000366	0.000251	0.00016	0.000119	0.000094	0.000078	0.000064	0.000052	0.000045	2.137843	2.137843	2.137843	0.555438	4	Pdeltoides_UF0013
WHOLE_GENOME	432523942	2.795718	8.040502	1	1	0	0.011485	0	0.000979	0.009958	0.090211	0.00756	0.120194	0.575633	0.128007	0.062471	0.042285	0.028505	0.018637	0.011882	0.00501	0.002665	0.001896	0.001614	0.00147	0.001363	0.001257	?	?	?	0.371208	2	Pdeltoides_UF0014
NON_ZERO_REGIONS	248974896	4.856775	10.114373	2	1	0	0.011485	0	0.000979	0.009958	0.090211	0.00756	0.120194	1	0.222377	0.108525	0.073459	0.04952	0.032376	0.020642	0.008703	0.004629	0.003293	0.002804	0.002553	0.002367	0.002184	4.856775	4.856775	4.856775	0.643218	4	Pdeltoides_UF0014
WHOLE_GENOME	432523942	3.112423	6.796268	1	1	0	0.012537	0	0.001078	0.006128	0.077144	0.001784	0.098672	0.575472	0.180619	0.063943	0.043862	0.032156	0.023302	0.016409	0.007383	0.003049	0.001257	0.000561	0.00029	0.000181	0.000128	?	?	?	0.40508	2	Pdeltoides_UF0015
NON_ZERO_REGIONS	248905216	5.408475	8.23682	3	2	0	0.012537	0	0.001078	0.006128	0.077144	0.001784	0.098672	1	0.313862	0.111115	0.076218	0.055878	0.040492	0.028514	0.01283	0.005299	0.002184	0.000976	0.000504	0.000314	0.000222	5.408475	5.408475	5.408475	0.703099	5	Pdeltoides_UF0015
WHOLE_GENOME	432523942	1.706786	4.970493	0	0	0	0.010229	0	0.000863	0.008753	0.071797	0.001037	0.092679	0.421903	0.080163	0.045214	0.028287	0.017393	0.010437	0.00619	0.00227	0.000932	0.000441	0.000243	0.000157	0.000112	0.000088	?	?	?	0.25818	1	Pdeltoides_UF0016
NON_ZERO_REGIONS	182483006	4.045449	7.006933	2	1	0	0.010229	0	0.000863	0.008753	0.071797	0.001037	0.092679	1	0.190004	0.107166	0.067047	0.041226	0.024737	0.014672	0.005381	0.00221	0.001045	0.000575	0.000373	0.000266	0.00021	4.045449	4.045449	4.045449	0.609358	4	Pdeltoides_UF0016
WHOLE_GENOME	432523942	1.534722	4.196413	0	0	0	0.010832	0	0.001088	0.012441	0.070472	0.001055	0.095888	0.424791	0.074431	0.04109	0.02387	0.01291	0.006425	0.00297	0.000609	0.000201	0.000122	0.000096	0.00008	0.000069	0.00006	?	?	?	0.246923	1	Pdeltoides_UF0018
NON_ZERO_REGIONS	183732443	3.612885	5.826424	2	1	0	0.010832	0	0.001088	0.012441	0.070472	0.001055	0.095888	1	0.175217	0.096731	0.056192	0.030391	0.015125	0.006993	0.001434	0.000474	0.000288	0.000226	0.000188	0.000162	0.00014	3.612885	3.612885	3.612885	0.578402	4	Pdeltoides_UF0018
WHOLE_GENOME	432523942	1.111481	3.361801	0	0	0	0.010579	0	0.001185	0.008095	0.06927	0.001043	0.090172	0.351717	0.061313	0.02771	0.011677	0.004816	0.002238	0.0012	0.000418	0.000193	0.000124	0.000097	0.000083	0.000072	0.000064	?	?	?	0.203766	1	Pdeltoides_UF0022
NON_ZERO_REGIONS	152126047	3.160156	5.065452	1	0	0	0.010579	0	0.001185	0.008095	0.06927	0.001043	0.090172	1	0.174324	0.078786	0.033199	0.013692	0.006362	0.003413	0.001188	0.000547	0.000353	0.000277	0.000236	0.000206	0.000182	3.160156	3.160156	3.160156	0.577275	4	Pdeltoides_UF0022
WHOLE_GENOME	432523942	2.384146	6.261612	1	1	0	0.010247	0	0.000932	0.007249	0.076652	0.001007	0.096086	0.513921	0.10793	0.056016	0.038479	0.026697	0.01818	0.012109	0.005254	0.002423	0.00123	0.000672	0.000383	0.000238	0.000159	?	?	?	0.327609	2	Pdeltoides_UF0023
NON_ZERO_REGIONS	222282957	4.639132	8.11359	2	1	0	0.010247	0	0.000932	0.007249	0.076652	0.001007	0.096086	1	0.210012	0.108997	0.074874	0.051948	0.035375	0.023561	0.010223	0.004714	0.002394	0.001307	0.000746	0.000463	0.000309	4.639132	4.639132	4.639132	0.636151	4	Pdeltoides_UF0023
WHOLE_GENOME	432523942	2.007541	5.354735	0	0	0	0.010943	0	0.001033	0.010156	0.075372	0.00419	0.101693	0.493983	0.095752	0.052624	0.031888	0.018384	0.010186	0.005699	0.002233	0.001263	0.000794	0.000489	0.000306	0.000203	0.000147	?	?	?	0.303052	2	Pdeltoides_UF0024
NON_ZERO_REGIONS	213659517	4.063987	7.048936	2	1	0	0.010943	0	0.001033	0.010156	0.075372	0.00419	0.101693	1	0.193836	0.10653	0.064553	0.037216	0.020619	0.011537	0.004521	0.002557	0.001607	0.00099	0.00062	0.000411	0.000298	4.063987	4.063987	4.063987	0.611331	4	Pdeltoides_UF0024
WHOLE_GENOME	432523942	2.50154	5.20058	1	1	0	0.011004	0	0.000833	0.009676	0.062402	0.00037	0.084285	0.574971	0.126179	0.064356	0.040907	0.024856	0.014055	0.007351	0.001718	0.000388	0.000121	0.00006	0.000041	0.000031	0.000024	?	?	?	0.365783	2	Pdeltoides_UF0025
NON_ZERO_REGIONS	248688606	4.350726	6.244492	2	1	0	0.011004	0	0.000833	0.009676	0.062402	0.00037	0.084285	1	0.219453	0.11193	0.071146	0.043231	0.024445	0.012785	0.002988	0.000675	0.00021	0.000104	0.000071	0.000053	0.000042	4.350726	4.350726	4.350726	0.634428	4	Pdeltoides_UF0025
WHOLE_GENOME	432523942	3.711016	9.979149	1	1	0	0.012776	0	0.00113	0.009909	0.091881	0.006069	0.121764	0.555969	0.223843	0.067736	0.042666	0.033527	0.027271	0.022312	0.014794	0.009483	0.005972	0.003827	0.002608	0.001939	0.001565	?	?	?	0.406993	2	Pdeltoides_UF0026
NON_ZERO_REGIONS	240469770	6.674866	12.622743	4	2	0	0.012776	0	0.00113	0.009909	0.091881	0.006069	0.121764	1	0.402617	0.121834	0.076742	0.060304	0.04905	0.040132	0.02661	0.017056	0.010742	0.006884	0.004691	0.003488	0.002814	3.337433	6.674866	6.674866	0.730822	6	Pdeltoides_UF0026
WHOLE_GENOME	432523942	2.345894	6.369385	0	0	0	0.011037	0	0.000995	0.006284	0.073916	0.001292	0.093525	0.484439	0.103581	0.052356	0.038076	0.028295	0.020742	0.014761	0.006672	0.002627	0.001002	0.000407	0.000202	0.000127	0.000094	?	?	?	0.313975	2	Pdeltoides_UF0027
NON_ZERO_REGIONS	209531566	4.842493	8.464905	2	1	0	0.011037	0	0.000995	0.006284	0.073916	0.001292	0.093525	1	0.213816	0.108076	0.078599	0.058407	0.042817	0.030471	0.013772	0.005422	0.002068	0.000839	0.000416	0.000262	0.000194	4.842493	4.842493	4.842493	0.64692	5	Pdeltoides_UF0027
WHOLE_GENOME	432523942	2.056729	4.61688	1	1	0	0.010903	0	0.000899	0.009847	0.07043	0.000503	0.092582	0.524949	0.102348	0.053733	0.03193	0.017458	0.008748	0.004074	0.000823	0.000229	0.000111	0.000078	0.000062	0.000052	0.000045	?	?	?	0.325251	2	Pdeltoides_UF0028
NON_ZERO_REGIONS	227052866	3.917963	5.771727	2	1	0	0.010903	0	0.000899	0.009847	0.07043	0.000503	0.092582	1	0.194967	0.102359	0.060826	0.033256	0.016665	0.00776	0.001568	0.000436	0.000212	0.000149	0.000118	0.0001	0.000086	3.917963	3.917963	3.917963	0.61764	4	Pdeltoides_UF0028
WHOLE_GENOME	432523942	3.408859	10.183554	0	0	0	0.00756	0	0.000518	0.007682	0.065907	0.000221	0.081889	0.458964	0.120386	0.086779	0.068437	0.054924	0.044234	0.035468	0.022059	0.012935	0.007219	0.003896	0.002074	0.001112	0.000616	?	?	?	0.294436	2	Pdeltoides_UF0029
NON_ZERO_REGIONS	198512722	7.427298	14.003862	2	1	0	0.00756	0	0.000518	0.007682	0.065907	0.000221	0.081889	1	0.2623	0.189076	0.149112	0.11967	0.096377	0.077278	0.048062	0.028182	0.015728	0.008489	0.004519	0.002422	0.001341	7.427298	7.427298	7.427298	0.63973	4	Pdeltoides_UF0029
WHOLE_GENOME	432523942	2.194407	6.208912	0	0	0	0.008804	0	0.000695	0.007875	0.068316	0.000139	0.08583	0.430249	0.096853	0.064446	0.045971	0.032285	0.021886	0.014128	0.005125	0.001608	0.00051	0.0002	0.000103	0.000068	0.00005	?	?	?	0.265109	1	Pdeltoides_UF0030
NON_ZERO_REGIONS	186092940	5.100321	8.64752	2	1	0	0.008804	0	0.000695	0.007875	0.068316	0.000139	0.08583	1	0.22511	0.149788	0.106849	0.075037	0.050867	0.032836	0.011912	0.003738	0.001186	0.000464	0.00024	0.000159	0.000117	5.100321	5.100321	5.100321	0.614372	4	Pdeltoides_UF0030
WHOLE_GENOME	432523942	2.803751	7.704865	0	0	0	0.009404	0	0.000699	0.008541	0.062018	0.00042	0.081081	0.490468	0.114632	0.076555	0.056531	0.04218	0.031277	0.022754	0.011084	0.004902	0.002044	0.000858	0.00039	0.000204	0.000125	?	?	?	0.308571	2	Pdeltoides_UF0031
NON_ZERO_REGIONS	212139120	5.716482	10.216985	2	1	0	0.009404	0	0.000699	0.008541	0.062018	0.00042	0.081081	1	0.23372	0.156085	0.115259	0.086	0.06377	0.046393	0.022598	0.009994	0.004167	0.001749	0.000795	0.000416	0.000254	5.716482	5.716482	5.716482	0.627195	4	Pdeltoides_UF0031
WHOLE_GENOME	432523942	1.591217	4.154986	0	0	0	0.011583	0	0.001208	0.00844	0.077431	0.000795	0.099456	0.448193	0.074798	0.037188	0.021604	0.011935	0.006272	0.00328	0.001003	0.000384	0.000191	0.000122	0.000089	0.000073	0.000062	?	?	?	0.276425	1	Pdeltoides_UF0034
NON_ZERO_REGIONS	193854128	3.550296	5.618152	2	1	0	0.011583	0	0.001208	0.00844	0.077431	0.000795	0.099456	1	0.166887	0.082974	0.048202	0.02663	0.013994	0.007319	0.002239	0.000856	0.000427	0.000273	0.0002	0.000163	0.000138	3.550296	3.550296	3.550296	0.614569	4	Pdeltoides_UF0034
WHOLE_GENOME	432523942	3.174893	9.514733	1	1	0	0.009467	0	0.000818	0.014283	0.074861	0.002229	0.101659	0.501053	0.113953	0.073189	0.057023	0.045535	0.036547	0.029184	0.018063	0.010664	0.006061	0.003372	0.001826	0.000999	0.000575	?	?	?	0.308333	2	Pdeltoides_UF0035
NON_ZERO_REGIONS	216717319	6.336445	12.674654	2	1	0	0.009467	0	0.000818	0.014283	0.074861	0.002229	0.101659	1	0.227427	0.146071	0.113807	0.090879	0.072941	0.058245	0.036049	0.021283	0.012097	0.006729	0.003645	0.001995	0.001148	6.336445	6.336445	6.336445	0.612594	4	Pdeltoides_UF0035
WHOLE_GENOME	432523942	2.290824	7.051712	1	1	0	0.009476	0	0.001012	0.008758	0.074648	0.005975	0.099869	0.500369	0.101566	0.058647	0.038205	0.024599	0.015514	0.009729	0.004183	0.002369	0.001743	0.00145	0.001238	0.001044	0.000858	?	?	?	0.309681	2	Pdeltoides_UF0036
NON_ZERO_REGIONS	216421540	4.57827	9.429072	2	1	0	0.009476	0	0.001012	0.008758	0.074648	0.005975	0.099869	1	0.202981	0.117208	0.076353	0.049162	0.031004	0.019444	0.008359	0.004735	0.003483	0.002898	0.002475	0.002087	0.001716	4.57827	4.57827	4.57827	0.616974	4	Pdeltoides_UF0036
WHOLE_GENOME	432523942	1.438089	4.36675	0	0	0	0.011289	0	0.001113	0.010636	0.086025	0.001812	0.110876	0.413028	0.068317	0.035369	0.01921	0.010008	0.005287	0.003064	0.001469	0.00087	0.000489	0.000278	0.000183	0.000137	0.000113	?	?	?	0.245739	1	Pdeltoides_UF0038
NON_ZERO_REGIONS	178644356	3.481823	6.249135	2	1	0	0.011289	0	0.001113	0.010636	0.086025	0.001812	0.110876	1	0.165405	0.085634	0.046511	0.02423	0.012801	0.007418	0.003558	0.002107	0.001184	0.000672	0.000443	0.000332	0.000275	3.481823	3.481823	3.481823	0.592078	4	Pdeltoides_UF0038
WHOLE_GENOME	432523942	6.528064	17.097021	2	2	0	0.008855	0	0.000596	0.012269	0.065192	0.001125	0.088036	0.656243	0.215118	0.115538	0.095193	0.082126	0.071903	0.063309	0.049163	0.037996	0.028889	0.021417	0.015461	0.010842	0.007367	?	?	?	0.454459	3	Pdeltoides_UF0040
NON_ZERO_REGIONS	283840957	9.947627	20.283242	3	2	0	0.008855	0	0.000596	0.012269	0.065192	0.001125	0.088036	1	0.327802	0.176059	0.145057	0.125145	0.109567	0.096473	0.074915	0.057899	0.044022	0.032636	0.02356	0.016521	0.011226	9.947627	9.947627	9.947627	0.690999	5	Pdeltoides_UF0040
WHOLE_GENOME	432523942	2.891824	6.250326	1	1	0	0.012397	0	0.001025	0.008222	0.078016	0.001019	0.100678	0.578746	0.155897	0.063817	0.043835	0.030706	0.020862	0.013504	0.004915	0.001611	0.000576	0.00027	0.000171	0.000128	0.000106	?	?	?	0.392007	2	Pdeltoides_UF0041
NON_ZERO_REGIONS	250321710	4.996702	7.548815	3	2	0	0.012397	0	0.001025	0.008222	0.078016	0.001019	0.100678	1	0.269369	0.110267	0.075741	0.053056	0.036046	0.023332	0.008492	0.002784	0.000995	0.000466	0.000295	0.000221	0.000183	4.996702	4.996702	4.996702	0.676119	5	Pdeltoides_UF0041
WHOLE_GENOME	432523942	5.211894	13.758228	1	1	0	0.010365	0	0.000749	0.00762	0.064268	0.007011	0.090012	0.63244	0.179967	0.107426	0.08673	0.072285	0.06083	0.051218	0.035892	0.024407	0.016024	0.010309	0.006619	0.004349	0.002934	?	?	?	0.426656	2	Pdeltoides_UF0042
NON_ZERO_REGIONS	273545338	8.240933	16.56313	3	2	0	0.010365	0	0.000749	0.00762	0.064268	0.007011	0.090012	1	0.284559	0.16986	0.137136	0.114295	0.096182	0.080985	0.056752	0.038592	0.025337	0.016301	0.010467	0.006877	0.004639	8.240933	8.240933	8.240933	0.673503	5	Pdeltoides_UF0042
WHOLE_GENOME	432523942	1.128128	3.270743	0	0	0	0.010661	0	0.00105	0.005871	0.065122	0.000623	0.083327	0.368122	0.05929	0.025419	0.010874	0.004659	0.002219	0.001209	0.000463	0.000228	0.000138	0.000095	0.000074	0.000061	0.000052	?	?	?	0.218525	1	Pdeltoides_UF0046
NON_ZERO_REGIONS	159221437	3.064552	4.808962	1	0	0	0.010661	0	0.00105	0.005871	0.065122	0.000623	0.083327	1	0.161062	0.06905	0.029539	0.012655	0.006029	0.003284	0.001258	0.000619	0.000374	0.000257	0.000201	0.000165	0.000142	3.064552	3.064552	3.064552	0.592	4	Pdeltoides_UF0046
WHOLE_GENOME	432523942	3.885484	8.051297	2	2	0	0.012051	0	0.000992	0.007827	0.07482	0.006434	0.102124	0.686973	0.229853	0.087665	0.057471	0.038907	0.025392	0.015952	0.006159	0.002894	0.001914	0.001584	0.001406	0.001238	0.001056	?	?	?	0.487753	3	Pdeltoides_UF0047
NON_ZERO_REGIONS	297132116	5.655952	9.184076	3	2	0	0.012051	0	0.000992	0.007827	0.07482	0.006434	0.102124	1	0.334588	0.127611	0.083658	0.056635	0.036962	0.023221	0.008965	0.004213	0.002786	0.002305	0.002046	0.001802	0.001537	5.655952	5.655952	5.655952	0.708933	5	Pdeltoides_UF0047
WHOLE_GENOME	432523942	6.666657	18.465806	1	1	0	0.007779	0	0.000448	0.009321	0.070587	0.001169	0.089304	0.63421	0.194918	0.113749	0.095004	0.082393	0.072514	0.064402	0.051425	0.04106	0.032422	0.025145	0.01903	0.014019	0.010072	?	?	?	0.435981	2	Pdeltoides_UF0048
NON_ZERO_REGIONS	274310952	10.511752	22.298792	3	2	0	0.007779	0	0.000448	0.009321	0.070587	0.001169	0.089304	1	0.30734	0.179355	0.149799	0.129914	0.114337	0.101546	0.081085	0.064741	0.051123	0.039648	0.030005	0.022105	0.015881	10.511752	10.511752	10.511752	0.686115	5	Pdeltoides_UF0048
WHOLE_GENOME	432523942	4.627853	10.461587	2	2	0	0.009487	0	0.000842	0.007541	0.07275	0.001331	0.091951	0.628069	0.255829	0.093986	0.066013	0.052425	0.042523	0.034601	0.022667	0.014275	0.00859	0.004958	0.002793	0.001547	0.000859	?	?	?	0.46296	3	Pdeltoides_UF0049
NON_ZERO_REGIONS	271654941	7.368381	12.4122	4	2	0	0.009487	0	0.000842	0.007541	0.07275	0.001331	0.091951	1	0.407326	0.149643	0.105105	0.08347	0.067704	0.055091	0.03609	0.022729	0.013678	0.007894	0.004446	0.002463	0.001367	3.684191	7.368381	7.368381	0.736016	6	Pdeltoides_UF0049
WHOLE_GENOME	432523942	2.739119	6.57059	1	1	0	0.010099	0	0.000878	0.008691	0.064691	0.000859	0.085218	0.558868	0.121371	0.06748	0.048257	0.034442	0.023983	0.016102	0.006404	0.002217	0.000723	0.000272	0.000137	0.000091	0.00007	?	?	?	0.356788	2	Pdeltoides_UF0051
NON_ZERO_REGIONS	241723650	4.901194	8.164158	2	1	0	0.010099	0	0.000878	0.008691	0.064691	0.000859	0.085218	1	0.217173	0.120743	0.086347	0.061629	0.042913	0.028811	0.011459	0.003966	0.001294	0.000486	0.000245	0.000163	0.000126	4.901194	4.901194	4.901194	0.636727	4	Pdeltoides_UF0051
WHOLE_GENOME	432523942	1.803346	4.43227	0	0	0	0.010465	0	0.000981	0.013094	0.077566	0.00036	0.102466	0.481615	0.086834	0.045986	0.027069	0.015054	0.007922	0.00405	0.001066	0.000337	0.000153	0.000095	0.000071	0.000059	0.000051	?	?	?	0.291719	1	Pdeltoides_UF0052
NON_ZERO_REGIONS	208309871	3.744376	5.789816	2	1	0	0.010465	0	0.000981	0.013094	0.077566	0.00036	0.102466	1	0.180297	0.095483	0.056204	0.031258	0.016448	0.008409	0.002213	0.0007	0.000318	0.000197	0.000148	0.000123	0.000106	3.744376	3.744376	3.744376	0.602541	4	Pdeltoides_UF0052
WHOLE_GENOME	432523942	7.402836	15.241274	4	4	0	0.011849	0	0.000876	0.005915	0.064337	0.005675	0.088652	0.716649	0.431433	0.168873	0.099627	0.079308	0.066466	0.056323	0.04054	0.028495	0.019301	0.012605	0.008051	0.005193	0.003513	?	?	?	0.58478	4	Pdeltoides_UF0053
NON_ZERO_REGIONS	309967697	10.329799	17.143738	6	3	0	0.011849	0	0.000876	0.005915	0.064337	0.005675	0.088652	1	0.602015	0.235643	0.139019	0.110665	0.092745	0.078592	0.056569	0.039762	0.026932	0.017589	0.011234	0.007246	0.004902	3.443266	10.329799	10.329799	0.815568	7	Pdeltoides_UF0053
WHOLE_GENOME	432523942	1.751188	5.423837	0	0	0	0.008765	0	0.000885	0.007833	0.067946	0.002694	0.088124	0.350332	0.094482	0.05738	0.035428	0.020974	0.011892	0.006637	0.002168	0.000784	0.000368	0.000241	0.000187	0.000157	0.000135	?	?	?	0.22027	1	Pdeltoides_UF0054
NON_ZERO_REGIONS	151527145	4.998649	8.230358	2	1	0	0.008765	0	0.000885	0.007833	0.067946	0.002694	0.088124	1	0.269692	0.163786	0.101127	0.059868	0.033944	0.018944	0.006189	0.002238	0.001051	0.000687	0.000533	0.000449	0.000386	4.998649	4.998649	4.998649	0.62686	4	Pdeltoides_UF0054
WHOLE_GENOME	432523942	1.039064	3.125353	0	0	0	0.008935	0	0.000817	0.011965	0.064088	0.000109	0.085915	0.290045	0.064953	0.030438	0.01322	0.005246	0.002038	0.000839	0.000203	0.000086	0.000048	0.000031	0.000022	0.000018	0.000014	?	?	?	0.171214	1	Pdeltoides_UF0055
NON_ZERO_REGIONS	125451256	3.582429	4.956366	1	0	0	0.008935	0	0.000817	0.011965	0.064088	0.000109	0.085915	1	0.223942	0.104943	0.04558	0.018085	0.007027	0.002891	0.0007	0.000296	0.000165	0.000106	0.000076	0.00006	0.000048	3.582429	3.582429	3.582429	0.587238	4	Pdeltoides_UF0055
WHOLE_GENOME	432523942	4.759622	10.965288	2	2	0	0.010882	0	0.000921	0.00536	0.067423	0.002469	0.087056	0.63949	0.235662	0.0967	0.072449	0.058505	0.047897	0.039203	0.025656	0.015883	0.009315	0.005266	0.00293	0.001624	0.000907	?	?	?	0.465274	3	Pdeltoides_UF0057
NON_ZERO_REGIONS	276594534	7.442846	12.963422	3	2	0	0.010882	0	0.000921	0.00536	0.067423	0.002469	0.087056	1	0.368515	0.151215	0.113293	0.091487	0.074899	0.061303	0.040119	0.024837	0.014566	0.008235	0.004582	0.002539	0.001418	3.721423	7.442846	7.442846	0.726971	6	Pdeltoides_UF0057
WHOLE_GENOME	432523942	4.728885	12.587968	1	1	0	0.009361	0	0.000609	0.009928	0.056275	0.000524	0.076698	0.582035	0.156258	0.104489	0.084534	0.070439	0.059207	0.049746	0.034457	0.02293	0.014389	0.008475	0.004759	0.00257	0.001357	?	?	?	0.385268	2	Pdeltoides_UF0058
NON_ZERO_REGIONS	251744201	8.12474	15.641479	2	1	0	0.009361	0	0.000609	0.009928	0.056275	0.000524	0.076698	1	0.268468	0.179524	0.145238	0.121022	0.101724	0.085469	0.059201	0.039396	0.024722	0.014561	0.008176	0.004415	0.002332	8.12474	8.12474	8.12474	0.660185	5	Pdeltoides_UF0058
WHOLE_GENOME	432523942	3.341995	6.91907	1	1	0	0.011172	0	0.00095	0.007209	0.079972	0.001386	0.10069	0.610264	0.187996	0.073548	0.051125	0.037024	0.026312	0.018027	0.007537	0.002793	0.000994	0.000386	0.000184	0.000115	0.000085	?	?	?	0.426299	2	Pdeltoides_UF0059
NON_ZERO_REGIONS	263953976	5.476307	8.170621	3	2	0	0.011172	0	0.00095	0.007209	0.079972	0.001386	0.10069	1	0.308057	0.120518	0.083775	0.060669	0.043115	0.02954	0.012351	0.004576	0.00163	0.000632	0.000301	0.000188	0.000138	5.476307	5.476307	5.476307	0.697368	5	Pdeltoides_UF0059
WHOLE_GENOME	432523942	2.349776	6.629644	0	0	0	0.010397	0	0.001021	0.011225	0.056299	0.001526	0.080468	0.473383	0.10538	0.065661	0.044954	0.030651	0.02046	0.013429	0.005735	0.002576	0.001227	0.00062	0.000347	0.000225	0.000167	?	?	?	0.287505	1	Pdeltoides_UF0060
NON_ZERO_REGIONS	204749481	4.963794	8.937087	2	1	0	0.010397	0	0.001021	0.011225	0.056299	0.001526	0.080468	1	0.222611	0.138706	0.094963	0.064749	0.043222	0.028369	0.012114	0.005441	0.002592	0.001309	0.000732	0.000475	0.000353	4.963794	4.963794	4.963794	0.605007	4	Pdeltoides_UF0060
WHOLE_GENOME	432523942	3.877359	9.242722	1	1	0	0.010896	0	0.000852	0.009707	0.081014	0.002299	0.104768	0.639144	0.174588	0.088409	0.064896	0.049229	0.037327	0.028015	0.015225	0.008128	0.004472	0.002617	0.00162	0.001036	0.000686	?	?	?	0.431022	2	Pdeltoides_UF0061
NON_ZERO_REGIONS	276444995	6.06649	10.971763	3	2	0	0.010896	0	0.000852	0.009707	0.081014	0.002299	0.104768	1	0.273159	0.138325	0.101536	0.077024	0.058402	0.043832	0.023821	0.012716	0.006997	0.004095	0.002534	0.001621	0.001073	6.06649	6.06649	6.06649	0.672744	5	Pdeltoides_UF0061
WHOLE_GENOME	432523942	2.286786	5.520072	1	1	0	0.012308	0	0.00102	0.011381	0.081581	0.001508	0.107798	0.556007	0.110448	0.053385	0.032658	0.019522	0.011366	0.006635	0.002716	0.001534	0.001005	0.000646	0.000407	0.000255	0.00017	?	?	?	0.348342	2	Pdeltoides_UF0064
NON_ZERO_REGIONS	240486396	4.112872	6.877001	2	1	0	0.012308	0	0.00102	0.011381	0.081581	0.001508	0.107798	1	0.198645	0.096015	0.058737	0.035112	0.020442	0.011933	0.004884	0.002759	0.001807	0.001162	0.000731	0.000459	0.000306	4.112872	4.112872	4.112872	0.624219	4	Pdeltoides_UF0064
WHOLE_GENOME	432523942	4.077178	10.329871	1	1	0	0.009707	0	0.000749	0.007433	0.060879	0.001112	0.07988	0.597681	0.15183	0.095393	0.075157	0.060578	0.048871	0.039111	0.023761	0.013191	0.006778	0.003286	0.00158	0.000785	0.000435	?	?	?	0.393803	2	Pdeltoides_UF0065
NON_ZERO_REGIONS	258511278	6.821665	12.641671	2	1	0	0.009707	0	0.000749	0.007433	0.060879	0.001112	0.07988	1	0.254032	0.159605	0.125748	0.101355	0.081767	0.065438	0.039755	0.02207	0.01134	0.005497	0.002643	0.001314	0.000728	6.821665	6.821665	6.821665	0.657635	5	Pdeltoides_UF0065
WHOLE_GENOME	432523942	2.99913	9.539632	0	0	0	0.008372	0	0.000718	0.009073	0.073478	0.00249	0.094131	0.433159	0.105099	0.074836	0.059025	0.047521	0.038352	0.030749	0.01889	0.010724	0.005713	0.002994	0.00157	0.000846	0.000491	?	?	?	0.271085	1	Pdeltoides_UF0066
NON_ZERO_REGIONS	187351820	6.923849	13.524819	2	1	0	0.008372	0	0.000718	0.009073	0.073478	0.00249	0.094131	1	0.242633	0.172768	0.136267	0.109707	0.08854	0.070988	0.043611	0.024758	0.01319	0.006911	0.003624	0.001952	0.001133	6.923849	6.923849	6.923849	0.623703	4	Pdeltoides_UF0066
WHOLE_GENOME	432523942	2.119877	6.261707	0	0	0	0.009658	0	0.000948	0.007865	0.062591	0.003026	0.084087	0.432603	0.101973	0.063448	0.041618	0.026732	0.016667	0.010249	0.004051	0.001942	0.001044	0.000569	0.000332	0.000219	0.000166	?	?	?	0.266678	1	Pdeltoides_UF0067
NON_ZERO_REGIONS	187111301	4.900279	8.775545	2	1	0	0.009658	0	0.000948	0.007865	0.062591	0.003026	0.084087	1	0.235719	0.146664	0.096204	0.061793	0.038528	0.023692	0.009365	0.00449	0.002413	0.001315	0.000768	0.000507	0.000385	4.900279	4.900279	4.900279	0.614646	4	Pdeltoides_UF0067
WHOLE_GENOME	432523942	5.220083	13.291221	2	2	0	0.010578	0	0.000821	0.006327	0.084443	0.002245	0.104414	0.607823	0.25176	0.094747	0.069614	0.058084	0.049755	0.043041	0.032479	0.024228	0.017514	0.012121	0.007996	0.005033	0.003064	?	?	?	0.452998	3	Pdeltoides_UF0069
NON_ZERO_REGIONS	262897946	8.588165	16.177533	4	2	0	0.010578	0	0.000821	0.006327	0.084443	0.002245	0.104414	1	0.4142	0.15588	0.11453	0.095561	0.081858	0.070812	0.053435	0.039861	0.028815	0.019941	0.013155	0.00828	0.005041	4.294083	8.588165	8.588165	0.744519	6	Pdeltoides_UF0069
WHOLE_GENOME	432523942	6.95561	18.101711	2	2	0	0.009143	0	0.000597	0.005767	0.069136	0.003506	0.088149	0.667141	0.206033	0.126188	0.104942	0.090676	0.079535	0.070247	0.055121	0.042883	0.032595	0.02406	0.017263	0.012055	0.008215	?	?	?	0.467832	3	Pdeltoides_UF0070
NON_ZERO_REGIONS	288554648	10.425989	21.330167	3	2	0	0.009143	0	0.000597	0.005767	0.069136	0.003506	0.088149	1	0.30883	0.189147	0.1573	0.135918	0.119218	0.105296	0.082623	0.064279	0.048858	0.036064	0.025876	0.01807	0.012314	10.425989	10.425989	10.425989	0.700424	5	Pdeltoides_UF0070
WHOLE_GENOME	432523942	1.292156	3.699432	0	0	0	0.009349	0	0.000878	0.01169	0.062901	0.000263	0.085081	0.339613	0.075204	0.039994	0.020291	0.009201	0.003866	0.001595	0.000335	0.000134	0.000088	0.000064	0.000047	0.000035	0.000026	?	?	?	0.200987	1	Pdeltoides_UF0071
NON_ZERO_REGIONS	146890861	3.804788	5.5442	1	0	0	0.009349	0	0.000878	0.01169	0.062901	0.000263	0.085081	1	0.221441	0.117763	0.059747	0.027093	0.011382	0.004696	0.000986	0.000396	0.000259	0.000188	0.000137	0.000102	0.000078	3.804788	3.804788	3.804788	0.588999	4	Pdeltoides_UF0071
WHOLE_GENOME	432523942	0.997219	2.869902	0	0	0	0.009845	0	0.000964	0.009113	0.05869	0.000087	0.0787	0.29169	0.066241	0.027129	0.009554	0.003023	0.000965	0.000365	0.000128	0.000085	0.000063	0.000046	0.000034	0.000026	0.00002	?	?	?	0.17636	1	Pdeltoides_UF0072
NON_ZERO_REGIONS	126163031	3.418761	4.467428	1	0	0	0.009845	0	0.000964	0.009113	0.05869	0.000087	0.0787	1	0.227095	0.093006	0.032753	0.010363	0.003307	0.001253	0.000437	0.00029	0.000215	0.000159	0.000117	0.000088	0.00007	3.418761	3.418761	3.418761	0.602265	4	Pdeltoides_UF0072
WHOLE_GENOME	432523942	1.022897	3.667129	0	0	0	0.008769	0	0.000998	0.014567	0.083098	0.000816	0.108248	0.263961	0.055883	0.031602	0.017709	0.009203	0.004413	0.001995	0.000461	0.000198	0.000131	0.000101	0.000083	0.00007	0.000059	?	?	?	0.151147	1	Pdeltoides_UF0073
NON_ZERO_REGIONS	114169305	3.875189	6.316106	1	0	0	0.008769	0	0.000998	0.014567	0.083098	0.000816	0.108248	1	0.211709	0.119723	0.067089	0.034864	0.016719	0.00756	0.001745	0.000751	0.000496	0.000383	0.000316	0.000264	0.000222	3.875189	3.875189	3.875189	0.568764	4	Pdeltoides_UF0073
WHOLE_GENOME	432523942	2.960392	6.637884	1	1	0	0.010763	0	0.001042	0.012541	0.067479	0.000866	0.092692	0.593187	0.143599	0.069719	0.048185	0.033916	0.02347	0.015769	0.006479	0.002409	0.000894	0.000373	0.000199	0.000132	0.000099	?	?	?	0.385148	2	Pdeltoides_UF0074
NON_ZERO_REGIONS	256567387	4.99066	8.00918	2	1	0	0.010763	0	0.001042	0.012541	0.067479	0.000866	0.092692	1	0.242081	0.117532	0.081231	0.057176	0.039565	0.026583	0.010923	0.004062	0.001507	0.000629	0.000335	0.000222	0.000167	4.99066	4.99066	4.99066	0.6472	5	Pdeltoides_UF0074
WHOLE_GENOME	432523942	1.329556	3.843524	0	0	0	0.012232	0	0.001345	0.006041	0.072351	0.001028	0.092997	0.413793	0.06301	0.028058	0.01371	0.006637	0.0035	0.00216	0.001204	0.000749	0.000435	0.000246	0.000155	0.000107	0.000082	?	?	?	0.249474	1	Pdeltoides_UF0077
NON_ZERO_REGIONS	178975219	3.213097	5.44506	2	1	0	0.012232	0	0.001345	0.006041	0.072351	0.001028	0.092997	1	0.152275	0.067807	0.033133	0.016038	0.008459	0.00522	0.00291	0.001811	0.001052	0.000594	0.000374	0.000259	0.000198	3.213097	3.213097	3.213097	0.601409	4	Pdeltoides_UF0077
WHOLE_GENOME	432523942	4.126101	9.930842	2	2	0	0.012056	0	0.001026	0.006738	0.07442	0.004201	0.098441	0.612751	0.230944	0.080195	0.056579	0.044446	0.035404	0.028089	0.017018	0.009706	0.005459	0.003241	0.002166	0.001632	0.001332	?	?	?	0.444179	3	Pdeltoides_UF0079
NON_ZERO_REGIONS	265029269	6.733738	11.974553	4	2	0	0.012056	0	0.001026	0.006738	0.07442	0.004201	0.098441	1	0.376897	0.130878	0.092336	0.072536	0.057779	0.045841	0.027773	0.01584	0.00891	0.00529	0.003535	0.002664	0.002173	3.366869	6.733738	6.733738	0.724103	6	Pdeltoides_UF0079
WHOLE_GENOME	432523942	2.692674	6.978169	1	1	0	0.011951	0	0.001084	0.007944	0.078328	0.002045	0.101352	0.526693	0.137473	0.054263	0.037671	0.027715	0.020368	0.014801	0.007605	0.003909	0.002151	0.001276	0.000803	0.00052	0.000343	?	?	?	0.35302	2	Pdeltoides_UF0080
NON_ZERO_REGIONS	227807152	5.11242	8.948925	3	2	0	0.011951	0	0.001084	0.007944	0.078328	0.002045	0.101352	1	0.261013	0.103025	0.071524	0.05262	0.038671	0.028101	0.01444	0.007423	0.004084	0.002423	0.001524	0.000987	0.000652	5.11242	5.11242	5.11242	0.668997	5	Pdeltoides_UF0080
WHOLE_GENOME	432523942	1.990599	5.246427	0	0	0	0.009897	0	0.000772	0.009918	0.084609	0.000307	0.105504	0.469915	0.091638	0.053612	0.035088	0.022417	0.01368	0.008003	0.002561	0.000856	0.000332	0.000164	0.000103	0.000072	0.000057	?	?	?	0.287206	1	Pdeltoides_UF0081
NON_ZERO_REGIONS	203249441	4.236083	7.004453	2	1	0	0.009897	0	0.000772	0.009918	0.084609	0.000307	0.105504	1	0.195009	0.114088	0.074669	0.047704	0.029111	0.017031	0.00545	0.001822	0.000706	0.000348	0.000219	0.000152	0.000121	4.236083	4.236083	4.236083	0.609058	4	Pdeltoides_UF0081
WHOLE_GENOME	432523942	4.691229	8.74361	2	2	0	0.011834	0	0.000894	0.010105	0.069241	0.002226	0.094301	0.689533	0.285422	0.103259	0.071725	0.054759	0.041782	0.031348	0.016185	0.007309	0.002949	0.001128	0.000467	0.000238	0.000149	?	?	?	0.507073	3	Pdeltoides_UF0082
NON_ZERO_REGIONS	298239677	6.803484	9.823566	4	2	0	0.011834	0	0.000894	0.010105	0.069241	0.002226	0.094301	1	0.413935	0.149752	0.10402	0.079414	0.060595	0.045463	0.023472	0.010599	0.004277	0.001635	0.000678	0.000345	0.000216	3.401742	6.803484	6.803484	0.734342	6	Pdeltoides_UF0082
WHOLE_GENOME	432523942	1.71282	4.768576	0	0	0	0.010489	0	0.000965	0.012256	0.071369	0.000557	0.095636	0.437267	0.082908	0.04557	0.027152	0.015815	0.009053	0.005236	0.0019	0.000788	0.000377	0.000209	0.000137	0.000103	0.000082	?	?	?	0.260761	1	Pdeltoides_UF0083
NON_ZERO_REGIONS	189128581	3.917101	6.585503	2	1	0	0.010489	0	0.000965	0.012256	0.071369	0.000557	0.095636	1	0.189606	0.104216	0.062094	0.036168	0.020703	0.011975	0.004344	0.001801	0.000862	0.000478	0.000314	0.000236	0.000187	3.917101	3.917101	3.917101	0.593348	4	Pdeltoides_UF0083
WHOLE_GENOME	432523942	3.56863	10.365326	1	1	0	0.009357	0	0.000719	0.008039	0.065468	0.002229	0.085811	0.50443	0.125664	0.087577	0.068921	0.055426	0.044764	0.035946	0.022388	0.013079	0.007158	0.003725	0.001958	0.001076	0.000638	?	?	?	0.322449	2	Pdeltoides_UF0084
NON_ZERO_REGIONS	218178161	7.074575	13.718223	2	1	0	0.009357	0	0.000719	0.008039	0.065468	0.002229	0.085811	1	0.24912	0.173616	0.136631	0.109879	0.088742	0.07126	0.044383	0.025929	0.014189	0.007385	0.003881	0.002132	0.001265	7.074575	7.074575	7.074575	0.637596	4	Pdeltoides_UF0084
WHOLE_GENOME	432523942	1.321019	4.070533	0	0	0	0.013364	0	0.00163	0.008491	0.073118	0.003616	0.100219	0.399899	0.057403	0.023006	0.013685	0.007945	0.004549	0.002756	0.001402	0.000951	0.000651	0.000416	0.000263	0.00017	0.000118	?	?	?	0.240313	1	Pdeltoides_UF0085
NON_ZERO_REGIONS	172965728	3.303385	5.906359	2	1	0	0.013364	0	0.00163	0.008491	0.073118	0.003616	0.100219	1	0.143545	0.057531	0.034222	0.019866	0.011376	0.006891	0.003506	0.002379	0.001627	0.001041	0.000657	0.000424	0.000294	3.303385	3.303385	3.303385	0.599261	4	Pdeltoides_UF0085
WHOLE_GENOME	432523942	3.593698	9.896231	1	1	0	0.008078	0	0.000545	0.007034	0.061627	0.000147	0.077432	0.500555	0.130992	0.094082	0.073912	0.05905	0.04715	0.037243	0.021899	0.011661	0.005752	0.002689	0.001234	0.000576	0.000287	?	?	?	0.320707	2	Pdeltoides_UF0086
NON_ZERO_REGIONS	216501973	7.179429	13.034958	2	1	0	0.008078	0	0.000545	0.007034	0.061627	0.000147	0.077432	1	0.261694	0.187956	0.14766	0.117969	0.094195	0.074403	0.04375	0.023296	0.011491	0.005372	0.002464	0.00115	0.000574	7.179429	7.179429	7.179429	0.639213	4	Pdeltoides_UF0086
WHOLE_GENOME	432523942	2.314895	5.030746	1	1	0	0.009869	0	0.000832	0.008168	0.078237	0.000174	0.09728	0.553927	0.113546	0.061355	0.038489	0.022679	0.01235	0.006267	0.001405	0.000331	0.000116	0.000068	0.00005	0.000039	0.000033	?	?	?	0.35472	2	Pdeltoides_UF0087
NON_ZERO_REGIONS	239586610	4.179063	6.156184	2	1	0	0.009869	0	0.000832	0.008168	0.078237	0.000174	0.09728	1	0.204984	0.110764	0.069484	0.040942	0.022295	0.011314	0.002536	0.000598	0.00021	0.000123	0.000089	0.000071	0.000059	4.179063	4.179063	4.179063	0.638761	4	Pdeltoides_UF0087
WHOLE_GENOME	432523942	3.68491	9.288605	1	1	0	0.009994	0	0.000812	0.009168	0.061046	0.00081	0.081828	0.582102	0.146676	0.084159	0.065429	0.052133	0.041524	0.032665	0.018973	0.009928	0.004769	0.002164	0.000976	0.000461	0.000252	?	?	?	0.380534	2	Pdeltoides_UF0088
NON_ZERO_REGIONS	251772893	6.330354	11.466116	2	1	0	0.009994	0	0.000812	0.009168	0.061046	0.00081	0.081828	1	0.251976	0.144577	0.112402	0.08956	0.071335	0.056115	0.032594	0.017056	0.008192	0.003717	0.001677	0.000793	0.000433	6.330354	6.330354	6.330354	0.652262	5	Pdeltoides_UF0088
WHOLE_GENOME	432523942	1.369577	3.360822	0	0	0	0.008788	0	0.000689	0.007058	0.076262	0.00009	0.092886	0.404775	0.078898	0.038947	0.017345	0.006555	0.002213	0.000728	0.000119	0.000049	0.00003	0.00002	0.000014	0.00001	0.000007	?	?	?	0.242026	1	Pdeltoides_UF0090
NON_ZERO_REGIONS	175074954	3.38355	4.592419	1	0	0	0.008788	0	0.000689	0.007058	0.076262	0.00009	0.092886	1	0.194917	0.09622	0.04285	0.016195	0.005468	0.001799	0.000293	0.000122	0.000074	0.000049	0.000034	0.000025	0.000018	3.38355	3.38355	3.38355	0.596215	4	Pdeltoides_UF0090
WHOLE_GENOME	432523942	5.771065	13.026061	2	2	0	0.009606	0	0.00067	0.008082	0.086579	0.000991	0.105927	0.693389	0.259133	0.113513	0.088289	0.07324	0.061634	0.05202	0.03672	0.024929	0.016031	0.009711	0.005599	0.003149	0.001748	?	?	?	0.50688	3	Pdeltoides_UF0091
NON_ZERO_REGIONS	299907136	8.322989	14.948885	3	2	0	0.009606	0	0.00067	0.008082	0.086579	0.000991	0.105927	1	0.37372	0.163708	0.12733	0.105627	0.088888	0.075023	0.052958	0.035953	0.02312	0.014005	0.008075	0.004541	0.002521	4.161495	8.322989	8.322989	0.730131	6	Pdeltoides_UF0091
WHOLE_GENOME	432523942	4.779818	11.040166	2	2	0	0.012419	0	0.000929	0.007883	0.073311	0.006784	0.101327	0.695862	0.266997	0.10428	0.071087	0.053084	0.039774	0.029484	0.015677	0.00832	0.004749	0.00308	0.002281	0.001884	0.001675	?	?	?	0.508425	3	Pdeltoides_UF0092
NON_ZERO_REGIONS	300977082	6.868914	12.680984	4	2	0	0.012419	0	0.000929	0.007883	0.073311	0.006784	0.101327	1	0.383692	0.149857	0.102157	0.076286	0.057158	0.042371	0.022529	0.011956	0.006824	0.004426	0.003279	0.002707	0.002407	3.434457	6.868914	6.868914	0.729688	6	Pdeltoides_UF0092
WHOLE_GENOME	432523942	1.025491	2.756693	0	0	0	0.009342	0	0.000825	0.007991	0.073722	0.000154	0.092034	0.338481	0.059013	0.025912	0.009964	0.003268	0.00098	0.000311	0.00007	0.000039	0.000025	0.000019	0.000014	0.00001	0.000008	?	?	?	0.198295	1	Pdeltoides_UF0094
NON_ZERO_REGIONS	146401093	3.029688	4.047131	1	0	0	0.009342	0	0.000825	0.007991	0.073722	0.000154	0.092034	1	0.174348	0.076555	0.029436	0.009656	0.002897	0.000919	0.000207	0.000114	0.000074	0.000056	0.000041	0.00003	0.000022	3.029688	3.029688	3.029688	0.583698	4	Pdeltoides_UF0094
WHOLE_GENOME	432523942	1.238151	3.723036	0	0	0	0.009282	0	0.000883	0.011993	0.062817	0.000143	0.085117	0.316285	0.073289	0.038888	0.019862	0.009142	0.003906	0.001645	0.00038	0.000167	0.000113	0.000085	0.000065	0.00005	0.000038	?	?	?	0.187391	1	Pdeltoides_UF0095
NON_ZERO_REGIONS	136800859	3.914667	5.774662	1	0	0	0.009282	0	0.000883	0.011993	0.062817	0.000143	0.085117	1	0.231719	0.122953	0.062797	0.028903	0.012349	0.005201	0.001203	0.000527	0.000356	0.000268	0.000207	0.000159	0.000119	3.914667	3.914667	3.914667	0.589605	4	Pdeltoides_UF0095
WHOLE_GENOME	432523942	5.348731	14.69173	1	1	0	0.008524	0	0.000697	0.008357	0.067536	0.005616	0.09073	0.611377	0.166374	0.105608	0.086564	0.073379	0.063037	0.054391	0.040375	0.029406	0.020763	0.014149	0.009315	0.005945	0.003702	?	?	?	0.409117	2	Pdeltoides_UF0096
NON_ZERO_REGIONS	264435309	8.748659	17.980698	2	1	0	0.008524	0	0.000697	0.008357	0.067536	0.005616	0.09073	1	0.272129	0.172738	0.141589	0.120022	0.103107	0.088965	0.06604	0.048098	0.033962	0.023143	0.015237	0.009724	0.006056	8.748659	8.748659	8.748659	0.667724	5	Pdeltoides_UF0096
WHOLE_GENOME	432523942	2.482719	7.664954	0	0	0	0.008204	0	0.000835	0.007416	0.071884	0.008727	0.097066	0.405879	0.109391	0.074916	0.054194	0.038933	0.027256	0.018479	0.008015	0.003613	0.001857	0.001045	0.000598	0.000374	0.000266	?	?	?	0.255803	1	Pdeltoides_UF0097
NON_ZERO_REGIONS	175552459	6.116892	11.068939	2	1	0	0.008204	0	0.000835	0.007416	0.071884	0.008727	0.097066	1	0.269516	0.184577	0.133523	0.095923	0.067153	0.045529	0.019747	0.008903	0.004576	0.002574	0.001472	0.000921	0.000655	6.116892	6.116892	6.116892	0.628547	4	Pdeltoides_UF0097
WHOLE_GENOME	432523942	2.085664	6.189562	0	0	0	0.008768	0	0.00077	0.008118	0.07901	0.001388	0.098055	0.395469	0.10079	0.065124	0.044225	0.029535	0.019099	0.011929	0.004225	0.001409	0.000552	0.000288	0.000188	0.000143	0.000117	?	?	?	0.246047	1	Pdeltoides_UF0100
NON_ZERO_REGIONS	171049842	5.273898	8.947602	2	1	0	0.008768	0	0.00077	0.008118	0.07901	0.001388	0.098055	1	0.254863	0.164675	0.111829	0.074684	0.048294	0.030164	0.010684	0.003562	0.001396	0.000728	0.000477	0.00036	0.000296	5.273898	5.273898	5.273898	0.620375	4	Pdeltoides_UF0100
WHOLE_GENOME	432523942	5.53168	13.458488	2	2	0	0.010249	0	0.000849	0.009693	0.081808	0.007861	0.110459	0.701174	0.25674	0.109635	0.08332	0.067556	0.055478	0.045541	0.030122	0.018973	0.011458	0.006832	0.004215	0.002866	0.002191	?	?	?	0.508524	3	Pdeltoides_UF0101
NON_ZERO_REGIONS	303274588	7.889167	15.483105	3	2	0	0.010249	0	0.000849	0.009693	0.081808	0.007861	0.110459	1	0.366157	0.156359	0.118829	0.096347	0.079122	0.06495	0.04296	0.027058	0.016341	0.009743	0.006012	0.004088	0.003124	3.944583	7.889167	7.889167	0.724074	6	Pdeltoides_UF0101
WHOLE_GENOME	432523942	6.41422	16.957937	1	1	0	0.009251	0	0.000636	0.007616	0.071643	0.003901	0.093047	0.656956	0.198621	0.120803	0.099191	0.084608	0.073203	0.063762	0.048673	0.036888	0.027481	0.020032	0.01425	0.009891	0.006676	?	?	?	0.450634	3	Pdeltoides_UF0103
NON_ZERO_REGIONS	284149004	9.763553	20.125416	3	2	0	0.009251	0	0.000636	0.007616	0.071643	0.003901	0.093047	1	0.302336	0.183883	0.150985	0.128788	0.111427	0.097056	0.074089	0.056151	0.041831	0.030492	0.021691	0.015055	0.010163	9.763553	9.763553	9.763553	0.684911	5	Pdeltoides_UF0103
WHOLE_GENOME	432523942	3.631515	11.056895	1	1	0	0.008999	0	0.000865	0.012706	0.068936	0.005954	0.09746	0.514435	0.123134	0.084674	0.066687	0.053812	0.043629	0.035283	0.022526	0.013845	0.00833	0.005084	0.003269	0.002229	0.001573	?	?	?	0.319042	2	Pdeltoides_UF0105
NON_ZERO_REGIONS	222505451	7.05923	14.609993	2	1	0	0.008999	0	0.000865	0.012706	0.068936	0.005954	0.09746	1	0.239358	0.164596	0.129632	0.104603	0.08481	0.068587	0.043789	0.026912	0.016193	0.009882	0.006354	0.004333	0.003058	7.05923	7.05923	7.05923	0.617738	4	Pdeltoides_UF0105
WHOLE_GENOME	432523942	2.813412	8.025985	0	0	0	0.008076	0	0.000598	0.007202	0.065185	0.000167	0.081228	0.442238	0.11472	0.080795	0.060943	0.046234	0.034641	0.025376	0.012424	0.005434	0.002225	0.000902	0.000396	0.000191	0.000105	?	?	?	0.281702	1	Pdeltoides_UF0106
NON_ZERO_REGIONS	191278419	6.361763	11.094431	2	1	0	0.008076	0	0.000598	0.007202	0.065185	0.000167	0.081228	1	0.259408	0.182696	0.137806	0.104546	0.078331	0.057382	0.028094	0.012286	0.005031	0.002039	0.000896	0.000433	0.000238	6.361763	6.361763	6.361763	0.635355	4	Pdeltoides_UF0106
WHOLE_GENOME	432523942	3.427479	8.375797	1	1	0	0.011115	0	0.001018	0.013278	0.076216	0.003494	0.10512	0.609095	0.159192	0.07638	0.055393	0.041301	0.030572	0.022202	0.011054	0.005417	0.002934	0.001869	0.001343	0.000995	0.000723	?	?	?	0.403152	2	Pdeltoides_UF0108
NON_ZERO_REGIONS	263448071	5.627169	10.139004	3	2	0	0.011115	0	0.001018	0.013278	0.076216	0.003494	0.10512	1	0.261359	0.125399	0.090942	0.067808	0.050192	0.036451	0.018148	0.008894	0.004817	0.003068	0.002204	0.001634	0.001187	5.627169	5.627169	5.627169	0.659792	5	Pdeltoides_UF0108
WHOLE_GENOME	432523942	1.134389	3.091274	0	0	0	0.010223	0	0.001007	0.007249	0.080382	0.000354	0.099215	0.371423	0.056871	0.027281	0.012893	0.005525	0.002217	0.00092	0.000221	0.000098	0.000066	0.000051	0.00004	0.000031	0.000024	?	?	?	0.219956	1	Pdeltoides_UF0109
NON_ZERO_REGIONS	160649381	3.054168	4.456981	1	0	0	0.010223	0	0.001007	0.007249	0.080382	0.000354	0.099215	1	0.153116	0.07345	0.034714	0.014875	0.005968	0.002477	0.000595	0.000265	0.000178	0.000136	0.000108	0.000083	0.000064	3.054168	3.054168	3.054168	0.590123	4	Pdeltoides_UF0109
WHOLE_GENOME	432523942	5.103324	11.366446	2	2	0	0.010333	0	0.000807	0.009442	0.075863	0.001467	0.097913	0.673299	0.255122	0.103014	0.076843	0.062024	0.050826	0.041779	0.027719	0.017629	0.010649	0.0061	0.003347	0.001805	0.000985	?	?	?	0.489486	3	Pdeltoides_UF0110
NON_ZERO_REGIONS	291218047	7.579577	13.157361	4	2	0	0.010333	0	0.000807	0.009442	0.075863	0.001467	0.097913	1	0.378914	0.152999	0.114129	0.09212	0.075488	0.06205	0.041169	0.026183	0.015816	0.00906	0.004972	0.002681	0.001462	3.789789	7.579577	7.579577	0.725888	6	Pdeltoides_UF0110
WHOLE_GENOME	432523942	2.723566	7.298559	1	1	0	0.010436	0	0.000885	0.012925	0.079821	0.003503	0.107569	0.55855	0.120175	0.066364	0.045625	0.031503	0.021353	0.014212	0.006312	0.003195	0.001975	0.001396	0.001056	0.000801	0.000597	?	?	?	0.353794	2	Pdeltoides_UF0112
NON_ZERO_REGIONS	241586253	4.876137	9.212701	2	1	0	0.010436	0	0.000885	0.012925	0.079821	0.003503	0.107569	1	0.215155	0.118815	0.081685	0.056402	0.038229	0.025444	0.011301	0.005721	0.003536	0.0025	0.00189	0.001434	0.00107	4.876137	4.876137	4.876137	0.630548	4	Pdeltoides_UF0112
WHOLE_GENOME	432523942	3.484046	9.940939	1	1	0	0.008983	0	0.000765	0.008745	0.066308	0.003186	0.087986	0.513048	0.124296	0.085883	0.067472	0.054062	0.043334	0.03447	0.020846	0.011701	0.006114	0.003005	0.00145	0.000745	0.00043	?	?	?	0.326555	2	Pdeltoides_UF0113
NON_ZERO_REGIONS	221905411	6.790882	13.044607	2	1	0	0.008983	0	0.000765	0.008745	0.066308	0.003186	0.087986	1	0.242269	0.167397	0.131511	0.105375	0.084463	0.067187	0.040631	0.022807	0.011917	0.005857	0.002826	0.001452	0.000839	6.790882	6.790882	6.790882	0.634833	4	Pdeltoides_UF0113
WHOLE_GENOME	432523942	3.90778	11.088866	1	1	0	0.008961	0	0.000633	0.008594	0.067066	0.002018	0.087272	0.51837	0.136851	0.096302	0.075917	0.061228	0.049673	0.040139	0.025521	0.015352	0.008782	0.004869	0.002703	0.001544	0.000915	?	?	?	0.331993	2	Pdeltoides_UF0114
NON_ZERO_REGIONS	224207454	7.538592	14.485839	2	1	0	0.008961	0	0.000633	0.008594	0.067066	0.002018	0.087272	1	0.264002	0.185778	0.146453	0.118117	0.095825	0.077432	0.049234	0.029616	0.016942	0.009392	0.005215	0.002979	0.001766	7.538592	7.538592	7.538592	0.638734	4	Pdeltoides_UF0114
WHOLE_GENOME	432523942	1.876161	5.188627	0	0	0	0.010648	0	0.000927	0.012739	0.08106	0.001384	0.106757	0.473654	0.08697	0.047746	0.029288	0.017629	0.010398	0.006159	0.002474	0.001227	0.000691	0.0004	0.000245	0.000164	0.000123	?	?	?	0.287691	1	Pdeltoides_UF0115
NON_ZERO_REGIONS	204866659	3.961038	6.969962	2	1	0	0.010648	0	0.000927	0.012739	0.08106	0.001384	0.106757	1	0.183616	0.100804	0.061833	0.037219	0.021953	0.013003	0.005223	0.002591	0.001459	0.000845	0.000518	0.000345	0.000259	3.961038	3.961038	3.961038	0.604232	4	Pdeltoides_UF0115
WHOLE_GENOME	432523942	5.112841	15.123973	1	1	0	0.008709	0	0.000493	0.008671	0.064187	0.001112	0.083172	0.554717	0.147876	0.099917	0.082372	0.069916	0.060235	0.052304	0.039746	0.029942	0.022105	0.015862	0.011037	0.007445	0.00489	?	?	?	0.365027	2	Pdeltoides_UF0116
NON_ZERO_REGIONS	239928524	9.217021	19.352417	2	1	0	0.008709	0	0.000493	0.008671	0.064187	0.001112	0.083172	1	0.266578	0.180123	0.148493	0.12604	0.108588	0.094289	0.071652	0.053976	0.03985	0.028594	0.019897	0.013422	0.008815	9.217021	9.217021	9.217021	0.656494	5	Pdeltoides_UF0116
WHOLE_GENOME	432523942	2.601213	6.164011	1	1	0	0.01091	0	0.000901	0.00549	0.07101	0.000639	0.088951	0.547321	0.119745	0.066525	0.046224	0.031776	0.020928	0.013069	0.004409	0.001346	0.000476	0.00023	0.000148	0.000111	0.000091	?	?	?	0.355995	2	Pdeltoides_UF0117
NON_ZERO_REGIONS	236729275	4.752631	7.69384	2	1	0	0.01091	0	0.000901	0.00549	0.07101	0.000639	0.088951	1	0.218785	0.121546	0.084456	0.058058	0.038236	0.023878	0.008056	0.002459	0.00087	0.00042	0.00027	0.000203	0.000167	4.752631	4.752631	4.752631	0.649438	5	Pdeltoides_UF0117
WHOLE_GENOME	432523942	4.535936	9.955781	2	2	0	0.010077	0	0.000789	0.007975	0.080335	0.00149	0.100666	0.673462	0.214493	0.09663	0.073404	0.058291	0.046442	0.036671	0.021844	0.012023	0.006155	0.002995	0.001455	0.000728	0.000409	?	?	?	0.475864	3	Pdeltoides_UF0118
NON_ZERO_REGIONS	291288641	6.735247	11.504921	3	2	0	0.010077	0	0.000789	0.007975	0.080335	0.00149	0.100666	1	0.318492	0.143482	0.108995	0.086554	0.06896	0.054452	0.032436	0.017852	0.009139	0.004447	0.002161	0.001081	0.000607	6.735247	6.735247	6.735247	0.70561	5	Pdeltoides_UF0118
WHOLE_GENOME	432523942	7.081665	17.553829	2	2	0	0.010424	0	0.000681	0.005744	0.083821	0.008339	0.109009	0.669662	0.342317	0.135269	0.091774	0.076008	0.065242	0.05676	0.043473	0.033298	0.025185	0.018705	0.013629	0.009829	0.007071	?	?	?	0.526267	3	Pdeltoides_UF0119
NON_ZERO_REGIONS	289644777	10.574987	20.571735	5	3	0	0.010424	0	0.000681	0.005744	0.083821	0.008339	0.109009	1	0.511179	0.201996	0.137045	0.113502	0.097425	0.084759	0.064918	0.049724	0.037609	0.027933	0.020352	0.014677	0.010559	5.287493	10.574987	10.574987	0.785394	7	Pdeltoides_UF0119
WHOLE_GENOME	432523942	3.27533	9.420303	0	0	0	0.008492	0	0.000562	0.007805	0.0821	0.000828	0.099787	0.475829	0.121939	0.087379	0.068149	0.053812	0.042143	0.032518	0.01826	0.009502	0.004692	0.002284	0.001146	0.000605	0.000352	?	?	?	0.302141	2	Pdeltoides_UF0120
NON_ZERO_REGIONS	205807294	6.883423	12.714721	2	1	0	0.008492	0	0.000562	0.007805	0.0821	0.000828	0.099787	1	0.256267	0.183635	0.143221	0.113091	0.088568	0.06834	0.038376	0.019969	0.00986	0.004801	0.002407	0.001272	0.00074	6.883423	6.883423	6.883423	0.63336	4	Pdeltoides_UF0120
WHOLE_GENOME	432523942	2.071494	5.587228	1	1	0	0.011387	0	0.001175	0.011494	0.071713	0.003372	0.099141	0.52954	0.099847	0.047216	0.026762	0.014796	0.008159	0.004735	0.002232	0.001582	0.0013	0.001065	0.000829	0.000612	0.000434	?	?	?	0.324697	2	Pdeltoides_UF0121
NON_ZERO_REGIONS	229038935	3.911872	7.193887	2	1	0	0.011387	0	0.001175	0.011494	0.071713	0.003372	0.099141	1	0.188553	0.089165	0.050538	0.027942	0.015407	0.008941	0.004215	0.002987	0.002456	0.002012	0.001566	0.001156	0.000819	3.911872	3.911872	3.911872	0.610965	4	Pdeltoides_UF0121
WHOLE_GENOME	432523942	5.958198	16.14946	1	1	0	0.008504	0	0.000595	0.007774	0.074666	0.003733	0.095272	0.626617	0.173384	0.116322	0.096192	0.082191	0.071166	0.06193	0.047044	0.035343	0.025885	0.018342	0.012554	0.00822	0.005186	?	?	?	0.419715	2	Pdeltoides_UF0123
NON_ZERO_REGIONS	271027042	9.508509	19.5564	2	1	0	0.008504	0	0.000595	0.007774	0.074666	0.003733	0.095272	1	0.276699	0.185635	0.15351	0.131166	0.113571	0.098832	0.075077	0.056403	0.04131	0.029272	0.020035	0.013117	0.008276	9.508509	9.508509	9.508509	0.668589	5	Pdeltoides_UF0123
WHOLE_GENOME	432523942	1.982816	5.25362	0	0	0	0.010721	0	0.001025	0.008397	0.079073	0.00055	0.099766	0.473036	0.089226	0.045691	0.031014	0.020932	0.01369	0.008592	0.003133	0.001134	0.000444	0.000204	0.000116	0.000081	0.000062	?	?	?	0.299153	2	Pdeltoides_UF0125
NON_ZERO_REGIONS	204599412	4.191681	7.006337	2	1	0	0.010721	0	0.001025	0.008397	0.079073	0.00055	0.099766	1	0.188623	0.096591	0.065563	0.04425	0.028942	0.018163	0.006624	0.002397	0.000938	0.00043	0.000246	0.000171	0.000132	4.191681	4.191681	4.191681	0.630366	4	Pdeltoides_UF0125
WHOLE_GENOME	432523942	3.832928	8.438717	1	1	0	0.01045	0	0.00091	0.008784	0.07631	0.001933	0.098388	0.661975	0.180918	0.088656	0.064542	0.047987	0.035328	0.02546	0.012269	0.005643	0.002801	0.001561	0.000943	0.000591	0.000378	?	?	?	0.449575	3	Pdeltoides_UF0127
NON_ZERO_REGIONS	286319929	5.790143	9.810325	3	2	0	0.01045	0	0.00091	0.008784	0.07631	0.001933	0.098388	1	0.2733	0.133926	0.097499	0.072491	0.053368	0.03846	0.018535	0.008525	0.004231	0.002358	0.001425	0.000893	0.000571	5.790143	5.790143	5.790143	0.677829	5	Pdeltoides_UF0127
WHOLE_GENOME	432523942	4.83223	14.184528	1	1	0	0.009008	0	0.000635	0.012294	0.074463	0.002199	0.0986	0.571222	0.153756	0.090128	0.073856	0.062972	0.054454	0.047337	0.035678	0.026292	0.018843	0.01316	0.008958	0.005957	0.003899	?	?	?	0.375116	2	Pdeltoides_UF0128
NON_ZERO_REGIONS	247067076	8.459464	17.931662	3	2	0	0.009008	0	0.000635	0.012294	0.074463	0.002199	0.0986	1	0.26917	0.157781	0.129296	0.110241	0.09533	0.08287	0.062459	0.046029	0.032987	0.023039	0.015682	0.010429	0.006825	8.459464	8.459464	8.459464	0.654799	5	Pdeltoides_UF0128
WHOLE_GENOME	432523942	2.961043	7.273576	1	1	0	0.010617	0	0.001011	0.009367	0.076063	0.00107	0.098127	0.555377	0.146646	0.061229	0.043973	0.033152	0.025073	0.018702	0.009825	0.004779	0.002201	0.000999	0.000487	0.000258	0.00016	?	?	?	0.374974	2	Pdeltoides_UF0129
NON_ZERO_REGIONS	240213733	5.331594	9.089592	3	2	0	0.010617	0	0.001011	0.009367	0.076063	0.00107	0.098127	1	0.264048	0.110247	0.079177	0.059692	0.045145	0.033675	0.01769	0.008606	0.003962	0.001798	0.000877	0.000464	0.000289	5.331594	5.331594	5.331594	0.673282	5	Pdeltoides_UF0129
WHOLE_GENOME	432523942	1.496218	3.703502	0	0	0	0.013158	0	0.001193	0.007607	0.076294	0.001472	0.099723	0.460849	0.072647	0.030325	0.014873	0.007034	0.003463	0.001917	0.000773	0.000352	0.000179	0.000112	0.000082	0.000069	0.000059	?	?	?	0.279757	1	Pdeltoides_UF0130
NON_ZERO_REGIONS	199328385	3.246652	4.907058	2	1	0	0.013158	0	0.001193	0.007607	0.076294	0.001472	0.099723	1	0.157637	0.065803	0.032274	0.015264	0.007514	0.00416	0.001678	0.000763	0.000388	0.000243	0.000179	0.00015	0.000128	3.246652	3.246652	3.246652	0.605567	4	Pdeltoides_UF0130
WHOLE_GENOME	432523942	5.936268	16.232636	1	1	0	0.009485	0	0.000574	0.008806	0.068526	0.001286	0.088678	0.627696	0.191654	0.108453	0.08889	0.075939	0.06577	0.057277	0.043851	0.033463	0.025132	0.018431	0.013176	0.009184	0.006294	?	?	?	0.431718	2	Pdeltoides_UF0131
NON_ZERO_REGIONS	271493464	9.457237	19.659304	3	2	0	0.009485	0	0.000574	0.008806	0.068526	0.001286	0.088678	1	0.305329	0.172779	0.141614	0.120981	0.10478	0.09125	0.06986	0.053312	0.040038	0.029363	0.020991	0.014632	0.010028	9.457237	9.457237	9.457237	0.686626	5	Pdeltoides_UF0131
WHOLE_GENOME	432523942	3.677886	11.184829	1	1	0	0.008626	0	0.000674	0.012272	0.068369	0.004608	0.09455	0.500859	0.123723	0.085522	0.067762	0.055074	0.045097	0.03686	0.024114	0.015245	0.009377	0.005709	0.00348	0.002141	0.001337	?	?	?	0.312551	2	Pdeltoides_UF0132
NON_ZERO_REGIONS	216633533	7.343156	14.928396	2	1	0	0.008626	0	0.000674	0.012272	0.068369	0.004608	0.09455	1	0.247021	0.170751	0.135291	0.109959	0.090039	0.073594	0.048146	0.030437	0.018722	0.011398	0.006948	0.004275	0.00267	7.343156	7.343156	7.343156	0.621611	4	Pdeltoides_UF0132
WHOLE_GENOME	432523942	4.019918	10.001681	1	1	0	0.011636	0	0.000907	0.010468	0.055508	0.002188	0.080708	0.609619	0.15561	0.097313	0.075148	0.059314	0.046808	0.036575	0.020966	0.010959	0.005384	0.002612	0.0013	0.00071	0.000446	?	?	?	0.39617	2	Pdeltoides_UF0133
NON_ZERO_REGIONS	263675017	6.594142	12.129183	2	1	0	0.011636	0	0.000907	0.010468	0.055508	0.002188	0.080708	1	0.255258	0.159629	0.12327	0.097297	0.076783	0.059997	0.034391	0.017976	0.008832	0.004284	0.002133	0.001164	0.000732	6.594142	6.594142	6.594142	0.648235	5	Pdeltoides_UF0133
WHOLE_GENOME	432523942	6.694261	14.905699	3	3	0	0.011168	0	0.000724	0.006763	0.087407	0.003186	0.109248	0.674107	0.369708	0.141537	0.08761	0.070641	0.059712	0.051173	0.038021	0.02804	0.02022	0.014219	0.009793	0.006691	0.004588	?	?	?	0.53834	3	Pdeltoides_UF0138
NON_ZERO_REGIONS	291567280	9.930566	17.246832	5	3	0	0.011168	0	0.000724	0.006763	0.087407	0.003186	0.109248	1	0.548441	0.209962	0.129964	0.104792	0.08858	0.075912	0.056402	0.041596	0.029995	0.021093	0.014527	0.009926	0.006806	4.965283	9.930566	9.930566	0.798047	7	Pdeltoides_UF0138
WHOLE_GENOME	432523942	3.560198	9.066933	1	1	0	0.01035	0	0.000881	0.011896	0.063616	0.001828	0.088572	0.585653	0.142036	0.085697	0.065081	0.050442	0.038985	0.02972	0.016289	0.008343	0.004144	0.002018	0.001005	0.00054	0.000325	?	?	?	0.374129	2	Pdeltoides_UF0139
NON_ZERO_REGIONS	253308875	6.079025	11.183023	2	1	0	0.01035	0	0.000881	0.011896	0.063616	0.001828	0.088572	1	0.242525	0.146327	0.111125	0.08613	0.066566	0.050747	0.027813	0.014246	0.007076	0.003445	0.001716	0.000922	0.000556	6.079025	6.079025	6.079025	0.636895	4	Pdeltoides_UF0139
WHOLE_GENOME	432523942	2.564994	7.807997	0	0	0	0.009522	0	0.000799	0.013106	0.059506	0.001375	0.084308	0.440138	0.10536	0.070137	0.051307	0.03803	0.028046	0.020439	0.010535	0.005242	0.002602	0.001342	0.000735	0.000441	0.000287	?	?	?	0.26702	1	Pdeltoides_UF0140
NON_ZERO_REGIONS	190370182	5.827705	10.931553	2	1	0	0.009522	0	0.000799	0.013106	0.059506	0.001375	0.084308	1	0.23938	0.159353	0.116571	0.086404	0.063721	0.046437	0.023935	0.011909	0.005911	0.003048	0.00167	0.001001	0.000652	5.827705	5.827705	5.827705	0.603789	4	Pdeltoides_UF0140
WHOLE_GENOME	432523942	3.878289	9.319088	1	1	0	0.010064	0	0.000701	0.007237	0.082543	0.001124	0.101669	0.606842	0.158046	0.087979	0.069268	0.055829	0.044639	0.034959	0.019674	0.009636	0.004117	0.001617	0.000655	0.000308	0.000185	?	?	?	0.408164	2	Pdeltoides_UF0141
NON_ZERO_REGIONS	262473500	6.390941	11.271747	3	2	0	0.010064	0	0.000701	0.007237	0.082543	0.001124	0.101669	1	0.26044	0.144978	0.114145	0.091999	0.073559	0.057609	0.03242	0.015879	0.006784	0.002664	0.001079	0.000508	0.000305	6.390941	6.390941	6.390941	0.671396	5	Pdeltoides_UF0141
WHOLE_GENOME	432523942	1.873579	5.049997	0	0	0	0.011058	0	0.001097	0.005659	0.070388	0.001203	0.089405	0.483802	0.088729	0.045566	0.026838	0.015262	0.008466	0.00484	0.002065	0.001249	0.000808	0.000503	0.000311	0.000201	0.000143	?	?	?	0.301826	2	Pdeltoides_UF0142
NON_ZERO_REGIONS	209255831	3.872618	6.706052	2	1	0	0.011058	0	0.001097	0.005659	0.070388	0.001203	0.089405	1	0.1834	0.094182	0.055472	0.031546	0.017499	0.010005	0.004269	0.002582	0.001669	0.00104	0.000643	0.000416	0.000296	3.872618	3.872618	3.872618	0.622734	4	Pdeltoides_UF0142
WHOLE_GENOME	432523942	2.245748	7.125485	0	0	0	0.008132	0	0.000761	0.009597	0.066913	0.004993	0.090396	0.370322	0.105606	0.069542	0.048474	0.033666	0.022939	0.015293	0.006674	0.003003	0.00143	0.000731	0.000431	0.000299	0.000235	?	?	?	0.234386	1	Pdeltoides_UF0143
NON_ZERO_REGIONS	160173343	6.064304	10.674582	2	1	0	0.008132	0	0.000761	0.009597	0.066913	0.004993	0.090396	1	0.285174	0.187788	0.130897	0.09091	0.061943	0.041295	0.018022	0.00811	0.00386	0.001974	0.001164	0.000808	0.000635	6.064304	6.064304	6.064304	0.630871	4	Pdeltoides_UF0143
WHOLE_GENOME	432523942	3.135775	8.6925	1	1	0	0.012824	0	0.001176	0.009947	0.073375	0.013471	0.110793	0.61643	0.172513	0.066016	0.04191	0.026518	0.015998	0.009365	0.003555	0.002074	0.001718	0.001605	0.001543	0.001493	0.001438	?	?	?	0.415143	2	Pdeltoides_UF0144
NON_ZERO_REGIONS	266620589	5.086996	10.613683	3	2	0	0.012824	0	0.001176	0.009947	0.073375	0.013471	0.110793	1	0.279858	0.107094	0.067988	0.043018	0.025953	0.015192	0.005767	0.003364	0.002787	0.002604	0.002503	0.002421	0.002333	5.086996	5.086996	5.086996	0.671935	5	Pdeltoides_UF0144
WHOLE_GENOME	432523942	2.11232	5.052615	1	1	0	0.012577	0	0.001127	0.006505	0.078126	0.001329	0.099664	0.501968	0.106917	0.043226	0.02892	0.019336	0.012335	0.007456	0.002411	0.000766	0.000298	0.000156	0.000108	0.000085	0.000072	?	?	?	0.32753	2	Pdeltoides_UF0145
NON_ZERO_REGIONS	217113082	4.208079	6.483716	2	1	0	0.012577	0	0.001127	0.006505	0.078126	0.001329	0.099664	1	0.212996	0.086112	0.057614	0.03852	0.024573	0.014853	0.004804	0.001527	0.000593	0.000311	0.000215	0.00017	0.000143	4.208079	4.208079	4.208079	0.651344	5	Pdeltoides_UF0145
WHOLE_GENOME	432523942	1.354887	3.451702	0	0	0	0.010348	0	0.000847	0.010883	0.061946	0.000247	0.084271	0.406964	0.068877	0.035318	0.018314	0.008537	0.003547	0.001347	0.000201	0.000059	0.000033	0.000021	0.000015	0.000011	0.000009	?	?	?	0.234989	1	Pdeltoides_UF0146
NON_ZERO_REGIONS	176021877	3.329252	4.764738	2	1	0	0.010348	0	0.000847	0.010883	0.061946	0.000247	0.084271	1	0.169247	0.086785	0.045003	0.020978	0.008716	0.003311	0.000493	0.000144	0.000081	0.000053	0.000036	0.000027	0.000022	3.329252	3.329252	3.329252	0.574846	4	Pdeltoides_UF0146
WHOLE_GENOME	432523942	8.611021	19.916976	3	3	0	0.010489	0	0.000742	0.005627	0.075693	0.007734	0.100285	0.689326	0.433344	0.181071	0.104257	0.084185	0.072908	0.064404	0.05143	0.041421	0.033207	0.026335	0.020537	0.015728	0.011826	?	?	?	0.572083	4	Pdeltoides_UF0147
NON_ZERO_REGIONS	298150072	12.491939	22.95624	6	3	0	0.010489	0	0.000742	0.005627	0.075693	0.007734	0.100285	1	0.628648	0.262678	0.151244	0.122127	0.105767	0.093431	0.074609	0.060089	0.048172	0.038205	0.029793	0.022816	0.017156	4.16398	12.491939	12.491939	0.829511	8	Pdeltoides_UF0147
WHOLE_GENOME	432523942	3.995296	7.905624	2	2	0	0.010705	0	0.000854	0.010234	0.070044	0.001018	0.092856	0.656676	0.227711	0.087259	0.062022	0.046518	0.034566	0.025059	0.011891	0.004952	0.001882	0.000717	0.000314	0.000171	0.000116	?	?	?	0.464265	3	Pdeltoides_UF0149
NON_ZERO_REGIONS	284028006	6.084122	9.081078	3	2	0	0.010705	0	0.000854	0.010234	0.070044	0.001018	0.092856	1	0.346762	0.132879	0.094448	0.070838	0.052638	0.038161	0.018108	0.007541	0.002866	0.001092	0.000479	0.000261	0.000176	3.042061	6.084122	6.084122	0.705815	5	Pdeltoides_UF0149
WHOLE_GENOME	432523942	4.173134	12.088889	1	1	0	0.008394	0	0.000595	0.007716	0.069816	0.001923	0.088444	0.516352	0.134022	0.096534	0.07822	0.064954	0.054347	0.045438	0.030893	0.019903	0.012113	0.007048	0.003995	0.002254	0.001282	?	?	?	0.334161	2	Pdeltoides_UF0153
NON_ZERO_REGIONS	223334582	8.081957	15.856717	2	1	0	0.008394	0	0.000595	0.007716	0.069816	0.001923	0.088444	1	0.259555	0.186954	0.151487	0.125795	0.105251	0.087998	0.059829	0.038546	0.02346	0.013649	0.007738	0.004365	0.002483	8.081957	8.081957	8.081957	0.645572	5	Pdeltoides_UF0153
WHOLE_GENOME	432523942	3.747627	10.359113	1	1	0	0.009387	0	0.000703	0.007233	0.064731	0.00419	0.086243	0.535512	0.136579	0.093798	0.073376	0.058479	0.046565	0.036732	0.021741	0.012078	0.006449	0.003416	0.00185	0.001047	0.00063	?	?	?	0.346418	2	Pdeltoides_UF0154
NON_ZERO_REGIONS	231621870	6.998209	13.328225	2	1	0	0.009387	0	0.000703	0.007233	0.064731	0.00419	0.086243	1	0.255044	0.175155	0.13702	0.109202	0.086955	0.068592	0.040598	0.022555	0.012042	0.006378	0.003454	0.001955	0.001176	6.998209	6.998209	6.998209	0.645354	5	Pdeltoides_UF0154
WHOLE_GENOME	432523942	2.282062	6.084328	0	0	0	0.009256	0	0.000751	0.011647	0.063935	0.000122	0.085711	0.479771	0.102351	0.064521	0.044297	0.030049	0.01981	0.012671	0.004817	0.001751	0.000659	0.000288	0.000147	0.000087	0.000055	?	?	?	0.287846	1	Pdeltoides_UF0155
NON_ZERO_REGIONS	207512640	4.75656	8.086387	2	1	0	0.009256	0	0.000751	0.011647	0.063935	0.000122	0.085711	1	0.213333	0.134483	0.09233	0.062632	0.041291	0.02641	0.010041	0.003649	0.001373	0.0006	0.000306	0.00018	0.000115	4.75656	4.75656	4.75656	0.597614	4	Pdeltoides_UF0155
WHOLE_GENOME	432523942	2.879914	6.111868	1	1	0	0.012433	0	0.001198	0.006858	0.079943	0.002149	0.102581	0.561488	0.180383	0.056843	0.037094	0.026072	0.017935	0.011875	0.004678	0.001876	0.0009	0.000473	0.000263	0.000164	0.000117	?	?	?	0.394256	2	Pdeltoides_UF0156
NON_ZERO_REGIONS	242857162	5.129072	7.415681	3	2	0	0.012433	0	0.001198	0.006858	0.079943	0.002149	0.102581	1	0.321259	0.101236	0.066065	0.046433	0.031942	0.02115	0.008331	0.003341	0.001602	0.000843	0.000469	0.000293	0.000209	5.129072	5.129072	5.129072	0.7011	5	Pdeltoides_UF0156
WHOLE_GENOME	432523942	4.295201	12.415089	1	1	0	0.008028	0	0.00064	0.006326	0.058476	0.002453	0.075923	0.527082	0.14065	0.098593	0.078711	0.064733	0.053801	0.044845	0.030892	0.020571	0.013122	0.00805	0.0048	0.002826	0.001677	?	?	?	0.345321	2	Pdeltoides_UF0157
NON_ZERO_REGIONS	227975756	8.149012	16.15626	2	1	0	0.008028	0	0.00064	0.006326	0.058476	0.002453	0.075923	1	0.266847	0.187054	0.149334	0.122813	0.102074	0.085082	0.05861	0.039028	0.024895	0.015274	0.009106	0.005361	0.003181	8.149012	8.149012	8.149012	0.653886	5	Pdeltoides_UF0157
WHOLE_GENOME	432523942	2.180528	5.908045	0	0	0	0.011537	0	0.001126	0.006021	0.073588	0.002415	0.094687	0.499774	0.099615	0.049788	0.033511	0.022357	0.014464	0.009108	0.003703	0.001849	0.001109	0.000712	0.000463	0.000307	0.000215	?	?	?	0.320714	2	Pdeltoides_UF0163
NON_ZERO_REGIONS	216164033	4.363032	7.766549	2	1	0	0.011537	0	0.001126	0.006021	0.073588	0.002415	0.094687	1	0.199321	0.099621	0.067052	0.044735	0.028941	0.018225	0.007409	0.0037	0.002218	0.001424	0.000926	0.000614	0.00043	4.363032	4.363032	4.363032	0.640464	4	Pdeltoides_UF0163
WHOLE_GENOME	432523942	3.129471	7.58474	1	1	0	0.013875	0	0.001173	0.006753	0.074968	0.003973	0.100741	0.573939	0.18273	0.061396	0.040576	0.029301	0.021136	0.014985	0.007258	0.003698	0.002232	0.001609	0.001287	0.001057	0.000856	?	?	?	0.401141	2	Pdeltoides_UF0165
NON_ZERO_REGIONS	248242552	5.452616	9.357716	3	2	0	0.013875	0	0.001173	0.006753	0.074968	0.003973	0.100741	1	0.318378	0.106973	0.070698	0.051053	0.036826	0.02611	0.012646	0.006444	0.003888	0.002804	0.002243	0.001842	0.001492	5.452616	5.452616	5.452616	0.697996	5	Pdeltoides_UF0165
WHOLE_GENOME	432523942	2.408523	5.316739	1	1	0	0.012124	0	0.001141	0.005448	0.077292	0.002854	0.098859	0.563245	0.126671	0.053783	0.033371	0.019928	0.011123	0.006017	0.002137	0.001148	0.000673	0.000372	0.000218	0.000147	0.000113	?	?	?	0.371701	2	Pdeltoides_UF0166
NON_ZERO_REGIONS	243616760	4.276158	6.496228	2	1	0	0.012124	0	0.001141	0.005448	0.077292	0.002854	0.098859	1	0.224894	0.095488	0.059249	0.035381	0.019749	0.010682	0.003794	0.002038	0.001195	0.000661	0.000387	0.00026	0.0002	4.276158	4.276158	4.276158	0.659042	5	Pdeltoides_UF0166
WHOLE_GENOME	432523942	3.16613	8.679545	1	1	0	0.009761	0	0.000807	0.008564	0.071471	0.001612	0.092215	0.520148	0.120477	0.080479	0.06212	0.048646	0.037728	0.028684	0.015191	0.007118	0.00311	0.001347	0.000631	0.000338	0.000218	?	?	?	0.330191	2	Pdeltoides_UF0167
NON_ZERO_REGIONS	224976634	6.086975	11.271806	2	1	0	0.009761	0	0.000807	0.008564	0.071471	0.001612	0.092215	1	0.231621	0.154724	0.119427	0.093524	0.072534	0.055146	0.029205	0.013685	0.005979	0.002591	0.001214	0.000651	0.000419	6.086975	6.086975	6.086975	0.633181	4	Pdeltoides_UF0167
WHOLE_GENOME	432523942	5.736414	15.55786	1	1	0	0.008602	0	0.000634	0.009027	0.064005	0.004992	0.08726	0.606607	0.16915	0.11747	0.096936	0.082496	0.070992	0.061354	0.045706	0.033317	0.023529	0.016013	0.010484	0.006653	0.00411	?	?	?	0.403195	2	Pdeltoides_UF0169
NON_ZERO_REGIONS	262372214	9.456551	19.074536	2	1	0	0.008602	0	0.000634	0.009027	0.064005	0.004992	0.08726	1	0.278846	0.193651	0.159801	0.135995	0.117031	0.101142	0.075347	0.054923	0.038788	0.026398	0.017283	0.010968	0.006776	9.456551	9.456551	9.456551	0.663277	5	Pdeltoides_UF0169
WHOLE_GENOME	432523942	7.134282	19.105404	1	1	0	0.008817	0	0.000585	0.009079	0.06658	0.003273	0.088334	0.653357	0.203993	0.123318	0.103309	0.089918	0.079464	0.070782	0.056619	0.045148	0.035493	0.027292	0.020373	0.014757	0.010416	?	?	?	0.452204	3	Pdeltoides_UF0171
NON_ZERO_REGIONS	282592746	10.919416	22.745254	3	2	0	0.008817	0	0.000585	0.009079	0.06658	0.003273	0.088334	1	0.312222	0.188745	0.15812	0.137624	0.121624	0.108335	0.086659	0.069102	0.054324	0.041773	0.031181	0.022586	0.015942	10.919416	10.919416	10.919416	0.690853	5	Pdeltoides_UF0171
WHOLE_GENOME	432523942	2.326531	4.647437	1	1	0	0.011328	0	0.000889	0.008434	0.084384	0.000587	0.105622	0.59145	0.118413	0.055351	0.03254	0.017853	0.008933	0.004125	0.000825	0.000231	0.000113	0.00008	0.000065	0.000054	0.000045	?	?	?	0.376274	2	Pdeltoides_UF0172
NON_ZERO_REGIONS	255816199	3.933606	5.495141	2	1	0	0.011328	0	0.000889	0.008434	0.084384	0.000587	0.105622	1	0.200208	0.093586	0.055017	0.030185	0.015104	0.006974	0.001396	0.000391	0.000191	0.000135	0.00011	0.000091	0.000077	3.933606	3.933606	3.933606	0.634604	4	Pdeltoides_UF0172
WHOLE_GENOME	432523942	1.532428	3.704839	0	0	0	0.009707	0	0.000881	0.008688	0.076309	0.000204	0.095789	0.444169	0.082651	0.041791	0.020531	0.009079	0.003711	0.001509	0.000318	0.000124	0.000075	0.000054	0.00004	0.00003	0.000022	?	?	?	0.267734	1	Pdeltoides_UF0173
NON_ZERO_REGIONS	192113780	3.4501	4.928094	2	1	0	0.009707	0	0.000881	0.008688	0.076309	0.000204	0.095789	1	0.18608	0.094089	0.046224	0.020442	0.008354	0.003397	0.000716	0.000279	0.000169	0.000121	0.000091	0.000067	0.000051	3.4501	3.4501	3.4501	0.600534	4	Pdeltoides_UF0173
WHOLE_GENOME	432523942	1.687282	4.26433	0	0	0	0.010963	0	0.000968	0.009492	0.074097	0.000602	0.096121	0.464843	0.085703	0.044789	0.024068	0.012034	0.00581	0.002835	0.000823	0.000334	0.000189	0.000135	0.000105	0.000085	0.000071	?	?	?	0.281936	1	Pdeltoides_UF0174
NON_ZERO_REGIONS	201055723	3.629788	5.662931	2	1	0	0.010963	0	0.000968	0.009492	0.074097	0.000602	0.096121	1	0.18437	0.096354	0.051777	0.025888	0.012498	0.0061	0.00177	0.000719	0.000407	0.000291	0.000227	0.000183	0.000154	3.629788	3.629788	3.629788	0.604075	4	Pdeltoides_UF0174
WHOLE_GENOME	432523942	3.442606	9.657237	1	1	0	0.008591	0	0.000764	0.007594	0.05768	0.001257	0.075887	0.500449	0.127055	0.089224	0.06969	0.055452	0.044033	0.034561	0.019876	0.010332	0.004938	0.002258	0.00106	0.000552	0.000334	?	?	?	0.319552	2	Pdeltoides_UF0177
NON_ZERO_REGIONS	216456035	6.879039	12.756091	2	1	0	0.008591	0	0.000764	0.007594	0.05768	0.001257	0.075887	1	0.253882	0.178289	0.139255	0.110804	0.087987	0.06906	0.039716	0.020646	0.009868	0.004511	0.002119	0.001103	0.000668	6.879039	6.879039	6.879039	0.636909	4	Pdeltoides_UF0177
WHOLE_GENOME	432523942	0.987558	3.320631	0	0	0	0.008626	0	0.001059	0.01376	0.065323	0.000507	0.089274	0.276945	0.057227	0.029072	0.013976	0.006167	0.002578	0.001086	0.000282	0.000149	0.000108	0.000084	0.000069	0.000059	0.00005	?	?	?	0.159395	1	Pdeltoides_UF0178
NON_ZERO_REGIONS	119785536	3.565893	5.533621	1	0	0	0.008626	0	0.001059	0.01376	0.065323	0.000507	0.089274	1	0.206638	0.104972	0.050463	0.022267	0.00931	0.003921	0.001019	0.000537	0.000389	0.000304	0.000249	0.000212	0.00018	3.565893	3.565893	3.565893	0.571947	4	Pdeltoides_UF0178
WHOLE_GENOME	432523942	4.98843	13.191372	1	1	0	0.010065	0	0.0008	0.005892	0.075454	0.002484	0.094694	0.599717	0.228364	0.09308	0.069004	0.056959	0.04824	0.041278	0.03038	0.022097	0.015683	0.01083	0.007324	0.004898	0.003253	?	?	?	0.436639	2	Pdeltoides_UF0179
NON_ZERO_REGIONS	259391751	8.31798	16.200693	3	2	0	0.010065	0	0.0008	0.005892	0.075454	0.002484	0.094694	1	0.380787	0.155206	0.115061	0.094976	0.080438	0.068829	0.050657	0.036846	0.026151	0.018059	0.012213	0.008167	0.005424	4.15899	8.31798	8.31798	0.727263	6	Pdeltoides_UF0179
WHOLE_GENOME	432523942	1.987114	5.009701	1	1	0	0.012377	0	0.001323	0.010499	0.074347	0.005155	0.103701	0.528886	0.10178	0.04195	0.022092	0.010843	0.00527	0.002895	0.001622	0.001338	0.001108	0.000863	0.000627	0.000438	0.000294	?	?	?	0.329009	2	Pdeltoides_UF0180
NON_ZERO_REGIONS	228755643	3.757173	6.387675	2	1	0	0.012377	0	0.001323	0.010499	0.074347	0.005155	0.103701	1	0.192442	0.079318	0.04177	0.020502	0.009964	0.005474	0.003066	0.00253	0.002095	0.001632	0.001185	0.000828	0.000557	3.757173	3.757173	3.757173	0.620057	4	Pdeltoides_UF0180
WHOLE_GENOME	432523942	2.060792	5.49911	0	0	0	0.010972	0	0.00105	0.008592	0.061134	0.000597	0.082346	0.472788	0.094333	0.050911	0.033905	0.02268	0.014819	0.009387	0.00352	0.00134	0.000558	0.000275	0.000167	0.000117	0.000088	?	?	?	0.29434	2	Pdeltoides_UF0182
NON_ZERO_REGIONS	204492196	4.358807	7.344715	2	1	0	0.010972	0	0.00105	0.008592	0.061134	0.000597	0.082346	1	0.199524	0.107682	0.071713	0.047971	0.031344	0.019854	0.007446	0.002834	0.001179	0.000582	0.000352	0.000247	0.000186	4.358807	4.358807	4.358807	0.621053	4	Pdeltoides_UF0182
WHOLE_GENOME	432523942	3.290994	9.164169	0	0	0	0.008997	0	0.000717	0.007368	0.068688	0.002255	0.088024	0.487313	0.128061	0.090662	0.069865	0.054408	0.041982	0.031815	0.016793	0.007813	0.003338	0.001449	0.000701	0.000403	0.000276	?	?	?	0.311165	2	Pdeltoides_UF0184
NON_ZERO_REGIONS	210774395	6.753353	12.20469	2	1	0	0.008997	0	0.000717	0.007368	0.068688	0.002255	0.088024	1	0.26279	0.186045	0.143368	0.111648	0.086151	0.065286	0.03446	0.016033	0.006851	0.002973	0.001438	0.000828	0.000567	6.753353	6.753353	6.753353	0.636958	4	Pdeltoides_UF0184
WHOLE_GENOME	432523942	4.20371	8.67375	2	2	0	0.01041	0	0.000804	0.006091	0.071877	0.000571	0.089752	0.682677	0.202113	0.099618	0.073005	0.055077	0.041379	0.030518	0.015146	0.006552	0.002591	0.00105	0.000482	0.000269	0.000182	?	?	?	0.477191	3	Pdeltoides_UF0185
NON_ZERO_REGIONS	295274347	6.157681	9.908194	3	2	0	0.01041	0	0.000804	0.006091	0.071877	0.000571	0.089752	1	0.29606	0.145922	0.10694	0.080678	0.060612	0.044704	0.022187	0.009597	0.003796	0.001537	0.000706	0.000394	0.000267	6.157681	6.157681	6.157681	0.698304	5	Pdeltoides_UF0185
WHOLE_GENOME	432523942	2.31468	6.528036	0	0	0	0.008771	0	0.000769	0.007695	0.067788	0.001335	0.086357	0.416686	0.110733	0.073584	0.051283	0.034924	0.022674	0.013864	0.004489	0.001372	0.00051	0.000275	0.000194	0.000153	0.000128	?	?	?	0.263333	1	Pdeltoides_UF0189
NON_ZERO_REGIONS	180226678	5.554974	9.179984	2	1	0	0.008771	0	0.000769	0.007695	0.067788	0.001335	0.086357	1	0.265746	0.176594	0.123074	0.083814	0.054416	0.033272	0.010774	0.003293	0.001225	0.000661	0.000465	0.000368	0.000307	5.554974	5.554974	5.554974	0.630157	4	Pdeltoides_UF0189
WHOLE_GENOME	432523942	2.7581	6.936896	1	1	0	0.012606	0	0.00118	0.006908	0.066033	0.002731	0.089459	0.544314	0.139385	0.057464	0.039817	0.028671	0.020541	0.014459	0.00688	0.003384	0.001919	0.001224	0.000817	0.000545	0.000365	?	?	?	0.361403	2	Pdeltoides_UF0190
NON_ZERO_REGIONS	235428883	5.067111	8.758184	3	2	0	0.012606	0	0.00118	0.006908	0.066033	0.002731	0.089459	1	0.256075	0.105571	0.073151	0.052674	0.037738	0.026564	0.01264	0.006217	0.003526	0.002248	0.001501	0.001002	0.00067	5.067111	5.067111	5.067111	0.662824	5	Pdeltoides_UF0190
WHOLE_GENOME	432523942	2.9312	7.145609	1	1	0	0.009047	0	0.000666	0.008012	0.078345	0.000217	0.096288	0.562719	0.127976	0.076293	0.054595	0.039185	0.027603	0.018941	0.008291	0.003458	0.00147	0.000651	0.000314	0.000169	0.000103	?	?	?	0.362906	2	Pdeltoides_UF0191
NON_ZERO_REGIONS	243389538	5.208993	8.881019	2	1	0	0.009047	0	0.000666	0.008012	0.078345	0.000217	0.096288	1	0.227424	0.135579	0.097021	0.069635	0.049053	0.033659	0.014734	0.006146	0.002611	0.001156	0.000557	0.000301	0.000184	5.208993	5.208993	5.208993	0.643367	4	Pdeltoides_UF0191
WHOLE_GENOME	432523942	1.529543	4.243863	0	0	0	0.009399	0	0.000804	0.012517	0.057248	0.000135	0.080102	0.39455	0.076733	0.043949	0.026287	0.014999	0.008026	0.004059	0.000975	0.000262	0.000087	0.000038	0.000021	0.000013	0.000009	?	?	?	0.22866	1	Pdeltoides_UF0192
NON_ZERO_REGIONS	170652344	3.876677	6.045561	2	1	0	0.009399	0	0.000804	0.012517	0.057248	0.000135	0.080102	1	0.194483	0.111389	0.066626	0.038015	0.020341	0.010287	0.00247	0.000665	0.00022	0.000097	0.000053	0.000033	0.000023	3.876677	3.876677	3.876677	0.576553	4	Pdeltoides_UF0192
WHOLE_GENOME	432523942	2.347861	7.593556	0	0	0	0.008846	0	0.000772	0.014562	0.076408	0.001561	0.102149	0.411239	0.089509	0.06143	0.04672	0.036051	0.027594	0.020746	0.010775	0.005093	0.002317	0.001065	0.00052	0.000287	0.000186	?	?	?	0.245385	1	Pdeltoides_UF0193
NON_ZERO_REGIONS	177870565	5.709243	11.001122	2	1	0	0.008846	0	0.000772	0.014562	0.076408	0.001561	0.102149	1	0.217656	0.149378	0.113609	0.087665	0.067099	0.050447	0.026202	0.012383	0.005634	0.00259	0.001265	0.000698	0.000453	5.709243	5.709243	5.709243	0.593419	4	Pdeltoides_UF0193
WHOLE_GENOME	432523942	1.127505	3.943194	0	0	0	0.009036	0	0.000811	0.013593	0.0669	0.000092	0.090432	0.266037	0.060891	0.035552	0.021077	0.011984	0.006495	0.003387	0.000903	0.000281	0.000124	0.000071	0.000049	0.000037	0.000029	?	?	?	0.156113	1	Pdeltoides_UF0197
NON_ZERO_REGIONS	115067176	4.238159	6.727747	1	0	0	0.009036	0	0.000811	0.013593	0.0669	0.000092	0.090432	1	0.228881	0.133635	0.079226	0.045048	0.024412	0.012731	0.003393	0.001056	0.000465	0.000266	0.000184	0.00014	0.000109	4.238159	4.238159	4.238159	0.583098	4	Pdeltoides_UF0197
WHOLE_GENOME	432523942	1.253826	3.098196	0	0	0	0.009752	0	0.001005	0.011446	0.066864	0.000158	0.089225	0.408285	0.067453	0.030254	0.012914	0.00492	0.001765	0.000658	0.000151	0.000075	0.000051	0.000042	0.000035	0.000028	0.000022	?	?	?	0.23639	1	Pdeltoides_UF0202
NON_ZERO_REGIONS	176593158	3.070956	4.234354	2	1	0	0.009752	0	0.001005	0.011446	0.066864	0.000158	0.089225	1	0.16521	0.074099	0.03163	0.01205	0.004322	0.001613	0.000369	0.000183	0.000125	0.000102	0.000085	0.000068	0.000054	3.070956	3.070956	3.070956	0.576124	4	Pdeltoides_UF0202
WHOLE_GENOME	432523942	1.336608	4.303586	0	0	0	0.008506	0	0.00093	0.008167	0.069901	0.001843	0.089347	0.309091	0.080172	0.043047	0.022444	0.010917	0.0052	0.002577	0.000753	0.00031	0.000202	0.00016	0.000135	0.000115	0.000101	?	?	?	0.191451	1	Pdeltoides_UF0203
NON_ZERO_REGIONS	133689166	4.324321	6.855699	1	0	0	0.008506	0	0.00093	0.008167	0.069901	0.001843	0.089347	1	0.259381	0.139271	0.072612	0.035319	0.016825	0.008337	0.002437	0.001002	0.000653	0.000516	0.000436	0.000373	0.000328	4.324321	4.324321	4.324321	0.617466	4	Pdeltoides_UF0203
WHOLE_GENOME	432523942	0.571694	1.703595	0	0	0	0.010152	0	0.001146	0.012945	0.071374	0.000208	0.095826	0.244928	0.031813	0.007384	0.001383	0.000308	0.000132	0.000088	0.000049	0.000033	0.000023	0.000016	0.000011	0.000007	0.000005	?	?	?	0.131667	1	Pdeltoides_UF0209
NON_ZERO_REGIONS	105937346	2.334129	2.78129	1	0	0	0.010152	0	0.001146	0.012945	0.071374	0.000208	0.095826	1	0.129886	0.030149	0.005646	0.001259	0.000538	0.000358	0.000199	0.000134	0.000093	0.000065	0.000044	0.000028	0.000021	2.334129	2.334129	2.334129	0.534042	3	Pdeltoides_UF0209
WHOLE_GENOME	432523942	3.056224	8.290068	0	0	0	0.008203	0	0.000587	0.007522	0.063331	0.00014	0.079781	0.489401	0.121468	0.084574	0.064424	0.049469	0.037421	0.027592	0.013656	0.005981	0.002416	0.000954	0.000401	0.000194	0.000114	?	?	?	0.311705	2	Pdeltoides_UF0210
NON_ZERO_REGIONS	211677445	6.244831	10.977934	2	1	0	0.008203	0	0.000587	0.007522	0.063331	0.00014	0.079781	1	0.248198	0.172811	0.131639	0.101081	0.076462	0.05638	0.027904	0.012222	0.004937	0.00195	0.00082	0.000396	0.000234	6.244831	6.244831	6.244831	0.635241	4	Pdeltoides_UF0210
WHOLE_GENOME	432523942	2.184622	6.18385	0	0	0	0.009363	0	0.000805	0.009197	0.066881	0.00123	0.087475	0.425347	0.105029	0.067536	0.045702	0.03025	0.019238	0.011719	0.003921	0.001327	0.000547	0.000293	0.000196	0.000152	0.000128	?	?	?	0.268082	1	Pdeltoides_UF0211
NON_ZERO_REGIONS	183972919	5.136089	8.645461	2	1	0	0.009363	0	0.000805	0.009197	0.066881	0.00123	0.087475	1	0.246926	0.158779	0.107446	0.071119	0.04523	0.027551	0.009218	0.003119	0.001286	0.000689	0.000461	0.000358	0.000302	5.136089	5.136089	5.136089	0.628075	4	Pdeltoides_UF0211
WHOLE_GENOME	432523942	4.020522	10.708798	1	1	0	0.010371	0	0.000803	0.008037	0.085408	0.002538	0.107157	0.581932	0.183467	0.077595	0.058289	0.047153	0.038819	0.03211	0.021776	0.014305	0.009133	0.005692	0.00352	0.002194	0.001389	?	?	?	0.405643	2	Pdeltoides_UF0214
NON_ZERO_REGIONS	251699441	6.908922	13.308238	3	2	0	0.010371	0	0.000803	0.008037	0.085408	0.002538	0.107157	1	0.315272	0.13334	0.100164	0.081028	0.066708	0.055179	0.03742	0.024581	0.015694	0.009781	0.006049	0.00377	0.002387	6.908922	6.908922	6.908922	0.695726	5	Pdeltoides_UF0214
WHOLE_GENOME	432523942	4.237168	11.241813	1	1	0	0.008975	0	0.000676	0.007762	0.065245	0.00057	0.083228	0.578629	0.145619	0.096606	0.077531	0.063866	0.052744	0.043306	0.0284	0.017501	0.00998	0.005302	0.002678	0.001313	0.00066	?	?	?	0.378245	2	Pdeltoides_UF0216
NON_ZERO_REGIONS	250270862	7.322773	13.993386	2	1	0	0.008975	0	0.000676	0.007762	0.065245	0.00057	0.083228	1	0.251662	0.166956	0.133991	0.110374	0.091153	0.074842	0.049082	0.030246	0.017247	0.009163	0.004629	0.00227	0.00114	7.322773	7.322773	7.322773	0.652286	5	Pdeltoides_UF0216
WHOLE_GENOME	432523942	4.425701	10.447044	2	2	0	0.011005	0	0.000814	0.00806	0.089102	0.001678	0.110658	0.615228	0.245142	0.089398	0.060901	0.04802	0.038823	0.031503	0.020479	0.012956	0.008022	0.004969	0.003116	0.001998	0.001302	?	?	?	0.452011	3	Pdeltoides_UF0217
NON_ZERO_REGIONS	266100812	7.193595	12.549412	4	2	0	0.011005	0	0.000814	0.00806	0.089102	0.001678	0.110658	1	0.398457	0.145308	0.098989	0.078052	0.063104	0.051205	0.033288	0.021058	0.013039	0.008076	0.005065	0.003247	0.002116	3.596797	7.193595	7.193595	0.733765	6	Pdeltoides_UF0217
WHOLE_GENOME	432523942	1.813123	4.83471	0	0	0	0.008452	0	0.000678	0.00987	0.047643	0.000042	0.066684	0.389504	0.09961	0.060021	0.036619	0.0209	0.010947	0.005321	0.001103	0.00024	0.000071	0.000029	0.000017	0.000011	0.000008	?	?	?	0.240925	1	Pdeltoides_UF0218
NON_ZERO_REGIONS	168469758	4.654954	6.839749	2	1	0	0.008452	0	0.000678	0.00987	0.047643	0.000042	0.066684	1	0.255737	0.154095	0.094014	0.053658	0.028104	0.013661	0.002832	0.000617	0.000181	0.000075	0.000043	0.000028	0.000019	4.654954	4.654954	4.654954	0.616265	4	Pdeltoides_UF0218
WHOLE_GENOME	432523942	2.076044	6.502007	0	0	0	0.007952	0	0.000819	0.008731	0.068764	0.002816	0.089082	0.376607	0.096868	0.064032	0.044647	0.030753	0.020576	0.013331	0.005206	0.001947	0.000747	0.000351	0.000225	0.000178	0.000149	?	?	?	0.235746	1	Pdeltoides_UF0219
NON_ZERO_REGIONS	162891342	5.512501	9.659806	2	1	0	0.007952	0	0.000819	0.008731	0.068764	0.002816	0.089082	1	0.257212	0.170024	0.118549	0.081659	0.054635	0.035399	0.013823	0.005171	0.001983	0.000932	0.000597	0.000472	0.000395	5.512501	5.512501	5.512501	0.623889	4	Pdeltoides_UF0219
WHOLE_GENOME	432523942	6.018185	12.970543	3	3	0	0.013427	0	0.001044	0.006616	0.072719	0.004809	0.098615	0.635502	0.386083	0.154941	0.075185	0.055281	0.045507	0.038275	0.027319	0.019006	0.012727	0.008257	0.005308	0.003501	0.002453	?	?	?	0.518417	3	Pdeltoides_UF0220
NON_ZERO_REGIONS	274869892	9.469967	15.232838	6	3	0	0.013427	0	0.001044	0.006616	0.072719	0.004809	0.098615	1	0.607525	0.243808	0.118308	0.086988	0.071609	0.060227	0.042988	0.029907	0.020026	0.012993	0.008353	0.005509	0.00386	4.734984	9.469967	9.469967	0.815157	7	Pdeltoides_UF0220
WHOLE_GENOME	432523942	2.332699	6.299693	0	0	0	0.009224	0	0.000714	0.007621	0.066371	0.000398	0.084327	0.431456	0.112842	0.074686	0.051855	0.034764	0.021848	0.012829	0.003794	0.001076	0.000392	0.000214	0.000151	0.000119	0.000098	?	?	?	0.271608	1	Pdeltoides_UF0221
NON_ZERO_REGIONS	186614880	5.40658	8.681173	2	1	0	0.009224	0	0.000714	0.007621	0.066371	0.000398	0.084327	1	0.261538	0.173102	0.120185	0.080573	0.050638	0.029735	0.008794	0.002494	0.000908	0.000495	0.00035	0.000276	0.000227	5.40658	5.40658	5.40658	0.627752	4	Pdeltoides_UF0221
WHOLE_GENOME	432523942	7.435652	17.014905	3	3	0	0.010036	0	0.000629	0.008719	0.054266	0.001115	0.074764	0.719972	0.308913	0.1361	0.106803	0.090453	0.078134	0.068133	0.052283	0.039865	0.029797	0.021611	0.015142	0.010242	0.00672	?	?	?	0.534408	3	Pdeltoides_UF0222
NON_ZERO_REGIONS	311404915	10.327703	19.29354	4	2	0	0.010036	0	0.000629	0.008719	0.054266	0.001115	0.074764	1	0.429063	0.189035	0.148343	0.125635	0.108524	0.094633	0.072619	0.05537	0.041386	0.030016	0.021031	0.014226	0.009334	5.163851	10.327703	10.327703	0.741492	6	Pdeltoides_UF0222
WHOLE_GENOME	432523942	6.960804	14.775467	3	3	0	0.010704	0	0.000689	0.008399	0.110007	0.005083	0.134884	0.663054	0.41999	0.170397	0.08529	0.0651	0.055027	0.047537	0.036156	0.027405	0.020329	0.014666	0.010286	0.007063	0.004787	?	?	?	0.553147	3	Pdeltoides_UF0224
NON_ZERO_REGIONS	286786683	10.498096	17.09155	6	3	0	0.010704	0	0.000689	0.008399	0.110007	0.005083	0.134884	1	0.633417	0.256989	0.128632	0.098182	0.08299	0.071694	0.05453	0.041331	0.03066	0.022118	0.015513	0.010652	0.007219	3.499365	10.498096	10.498096	0.83357	8	Pdeltoides_UF0224
WHOLE_GENOME	432523942	1.946194	6.682451	0	0	0	0.008112	0	0.000857	0.014077	0.079599	0.002838	0.105483	0.363063	0.078982	0.053695	0.039633	0.029406	0.021481	0.015324	0.007214	0.003099	0.001264	0.000556	0.000301	0.000198	0.000154	?	?	?	0.215413	1	Pdeltoides_UF0227
NON_ZERO_REGIONS	157033465	5.360483	10.231976	2	1	0	0.008112	0	0.000857	0.014077	0.079599	0.002838	0.105483	1	0.217544	0.147894	0.109162	0.080993	0.059166	0.042209	0.01987	0.008536	0.003482	0.00153	0.000828	0.000545	0.000423	5.360483	5.360483	5.360483	0.589983	4	Pdeltoides_UF0227
WHOLE_GENOME	432523942	3.447196	8.094471	1	1	0	0.012185	0	0.001038	0.006157	0.084938	0.001946	0.106263	0.570791	0.198458	0.067665	0.047281	0.036398	0.028223	0.021694	0.012113	0.006315	0.003296	0.001836	0.001094	0.000667	0.00041	?	?	?	0.409247	2	Pdeltoides_UF0229
NON_ZERO_REGIONS	246880706	6.039332	9.956612	3	2	0	0.012185	0	0.001038	0.006157	0.084938	0.001946	0.106263	1	0.347689	0.118546	0.082834	0.063767	0.049446	0.038008	0.021222	0.011064	0.005774	0.003217	0.001916	0.001169	0.000718	6.039332	6.039332	6.039332	0.716165	5	Pdeltoides_UF0229
WHOLE_GENOME	432523942	1.93229	5.852198	0	0	0	0.009631	0	0.000844	0.011714	0.070205	0.000627	0.093021	0.383006	0.092877	0.059365	0.040107	0.02668	0.017096	0.010444	0.003484	0.00118	0.000481	0.000262	0.00018	0.000139	0.000116	?	?	?	0.233619	1	Pdeltoides_UF0251
NON_ZERO_REGIONS	165659149	5.045069	8.585768	2	1	0	0.009631	0	0.000844	0.011714	0.070205	0.000627	0.093021	1	0.242496	0.154997	0.104717	0.06966	0.044637	0.027268	0.009096	0.003081	0.001255	0.000685	0.00047	0.000363	0.000304	5.045069	5.045069	5.045069	0.607323	4	Pdeltoides_UF0251
WHOLE_GENOME	432523942	0.966561	2.976859	0	0	0	0.008964	0	0.000787	0.010514	0.075193	0.000158	0.095615	0.273827	0.059546	0.029117	0.012847	0.004896	0.001681	0.000566	0.000109	0.000047	0.000027	0.000018	0.000012	0.000008	0.000006	?	?	?	0.161927	1	Pdeltoides_UF0255
NON_ZERO_REGIONS	118436630	3.529827	4.82851	1	0	0	0.008964	0	0.000787	0.010514	0.075193	0.000158	0.095615	1	0.217457	0.106334	0.046918	0.017881	0.006138	0.002069	0.000398	0.000173	0.0001	0.000065	0.000043	0.000031	0.000023	3.529827	3.529827	3.529827	0.588638	4	Pdeltoides_UF0255
WHOLE_GENOME	432523942	3.076467	6.834918	1	1	0	0.010696	0	0.000932	0.008336	0.06509	0.000748	0.085801	0.60325	0.14374	0.077432	0.054753	0.038663	0.026449	0.017312	0.006492	0.002183	0.000741	0.000308	0.000174	0.000123	0.000095	?	?	?	0.394342	2	Pdeltoides_UF0259
NON_ZERO_REGIONS	260920148	5.099819	8.192798	2	1	0	0.010696	0	0.000932	0.008336	0.06509	0.000748	0.085801	1	0.238275	0.128358	0.090764	0.06409	0.043844	0.028698	0.010762	0.003619	0.001228	0.00051	0.000289	0.000203	0.000158	5.099819	5.099819	5.099819	0.652257	5	Pdeltoides_UF0259
WHOLE_GENOME	432523942	3.466169	8.5754	1	1	0	0.010787	0	0.000825	0.011796	0.082542	0.001732	0.107682	0.592681	0.15083	0.07806	0.05842	0.045032	0.034639	0.026286	0.014311	0.007269	0.003595	0.001777	0.000903	0.000489	0.000298	?	?	?	0.391376	2	Pdeltoides_UF0261
NON_ZERO_REGIONS	256348848	5.848285	10.494981	2	1	0	0.010787	0	0.000825	0.011796	0.082542	0.001732	0.107682	1	0.254488	0.131706	0.09857	0.075979	0.058445	0.044351	0.024146	0.012264	0.006066	0.002999	0.001524	0.000825	0.000502	5.848285	5.848285	5.848285	0.658395	5	Pdeltoides_UF0261
WHOLE_GENOME	432523942	4.94041	13.70591	1	1	0	0.00872	0	0.00061	0.008987	0.079761	0.001737	0.099816	0.602161	0.162891	0.095474	0.077609	0.065617	0.056267	0.048463	0.035621	0.025626	0.017945	0.012138	0.007923	0.005007	0.003085	?	?	?	0.402541	2	Pdeltoides_UF0262
NON_ZERO_REGIONS	260448836	8.204474	16.887373	3	2	0	0.00872	0	0.00061	0.008987	0.079761	0.001737	0.099816	1	0.270511	0.158552	0.128884	0.108969	0.093442	0.080482	0.059155	0.042557	0.029802	0.020158	0.013158	0.008315	0.005124	8.204474	8.204474	8.204474	0.667125	5	Pdeltoides_UF0262
WHOLE_GENOME	432523942	3.567459	10.386676	0	0	0	0.00797	0	0.000505	0.007434	0.064685	0.000215	0.080809	0.472926	0.129015	0.092033	0.071842	0.057366	0.046	0.036681	0.022578	0.01323	0.007417	0.004041	0.002202	0.001219	0.000693	?	?	?	0.30372	2	Pdeltoides_UF0263
NON_ZERO_REGIONS	204551992	7.54337	14.075733	2	1	0	0.00797	0	0.000505	0.007434	0.064685	0.000215	0.080809	1	0.272802	0.194602	0.151909	0.121301	0.097266	0.077561	0.04774	0.027975	0.015683	0.008544	0.004657	0.002578	0.001466	7.54337	7.54337	7.54337	0.640628	4	Pdeltoides_UF0263
WHOLE_GENOME	432523942	3.471423	9.024071	1	1	0	0.011624	0	0.00106	0.007459	0.086474	0.004461	0.111078	0.564297	0.195529	0.065155	0.045249	0.035044	0.027524	0.021533	0.012674	0.007061	0.003966	0.002462	0.001787	0.001452	0.001235	?	?	?	0.403474	2	Pdeltoides_UF0264
NON_ZERO_REGIONS	244071934	6.151766	11.305815	3	2	0	0.011624	0	0.00106	0.007459	0.086474	0.004461	0.111078	1	0.346501	0.115462	0.080187	0.062102	0.048775	0.03816	0.022459	0.012513	0.007028	0.004362	0.003167	0.002574	0.002189	6.151766	6.151766	6.151766	0.714054	5	Pdeltoides_UF0264
WHOLE_GENOME	432523942	2.41683	5.845916	1	1	0	0.010781	0	0.001036	0.00563	0.06373	0.001162	0.082339	0.531858	0.113463	0.060882	0.041084	0.027132	0.017051	0.010186	0.003384	0.001173	0.000479	0.00025	0.000167	0.000128	0.000107	?	?	?	0.344152	2	Pdeltoides_UF0265
NON_ZERO_REGIONS	230041145	4.54413	7.388416	2	1	0	0.010781	0	0.001036	0.00563	0.06373	0.001162	0.082339	1	0.213334	0.114471	0.077245	0.051013	0.032059	0.019152	0.006363	0.002205	0.000901	0.000471	0.000315	0.00024	0.000201	4.54413	4.54413	4.54413	0.646037	5	Pdeltoides_UF0265
WHOLE_GENOME	432523942	0.727362	1.952125	0	0	0	0.012799	0	0.001431	0.006701	0.085562	0.000502	0.106995	0.327965	0.028838	0.007182	0.002033	0.000821	0.000396	0.000204	0.000078	0.000051	0.000042	0.000035	0.00003	0.000026	0.000023	?	?	?	0.185275	1	Pdeltoides_UF0266
NON_ZERO_REGIONS	141852546	2.217806	2.883402	1	0	0	0.012799	0	0.001431	0.006701	0.085562	0.000502	0.106995	1	0.08793	0.021898	0.006197	0.002502	0.001208	0.000622	0.000238	0.000156	0.000127	0.000106	0.000092	0.00008	0.00007	2.217806	2.217806	2.217806	0.563257	4	Pdeltoides_UF0266
WHOLE_GENOME	432523942	1.144534	3.940679	0	0	0	0.0089	0	0.000973	0.010197	0.069806	0.001602	0.091478	0.275025	0.067013	0.036621	0.019459	0.009655	0.004569	0.002128	0.000512	0.000218	0.000147	0.000117	0.000101	0.000088	0.000079	?	?	?	0.16609	1	Pdeltoides_UF0268
NON_ZERO_REGIONS	118954902	4.161562	6.626329	1	0	0	0.0089	0	0.000973	0.010197	0.069806	0.001602	0.091478	1	0.243661	0.133156	0.070754	0.035106	0.016612	0.007738	0.00186	0.000793	0.000533	0.000426	0.000367	0.000321	0.000287	4.161562	4.161562	4.161562	0.601336	4	Pdeltoides_UF0268
WHOLE_GENOME	432523942	0.514774	1.558191	0	0	0	0.013579	0	0.001361	0.006692	0.07948	0.000708	0.10182	0.252555	0.021009	0.004749	0.000978	0.000255	0.000116	0.000077	0.000048	0.000035	0.000027	0.000023	0.000019	0.000016	0.000014	?	?	?	0.137296	1	Pdeltoides_UF0269
NON_ZERO_REGIONS	109236169	2.038263	2.551139	1	0	0	0.013579	0	0.001361	0.006692	0.07948	0.000708	0.10182	1	0.083184	0.018803	0.003871	0.001009	0.000461	0.000303	0.00019	0.000139	0.000108	0.00009	0.000076	0.000065	0.000056	2.038263	2.038263	2.038263	0.541705	3	Pdeltoides_UF0269
WHOLE_GENOME	432523942	2.454583	7.818649	1	1	0	0.011002	0	0.001104	0.010876	0.075374	0.009376	0.107733	0.511497	0.105785	0.059544	0.040213	0.026988	0.017596	0.011289	0.004803	0.00258	0.001875	0.001629	0.001505	0.001399	0.001278	?	?	?	0.318066	2	Pdeltoides_UF0271
NON_ZERO_REGIONS	221234733	4.798821	10.405039	2	1	0	0.011002	0	0.001104	0.010876	0.075374	0.009376	0.107733	1	0.206815	0.116412	0.078619	0.052764	0.0344	0.02207	0.00939	0.005044	0.003665	0.003186	0.002942	0.002736	0.002499	4.798821	4.798821	4.798821	0.619665	4	Pdeltoides_UF0271
WHOLE_GENOME	432523942	2.113228	6.165299	0	0	0	0.009158	0	0.000917	0.00924	0.06243	0.002214	0.083959	0.413357	0.100655	0.065382	0.044587	0.029673	0.018846	0.011419	0.003775	0.001193	0.000456	0.000252	0.000183	0.000148	0.000127	?	?	?	0.254997	1	Pdeltoides_UF0273
NON_ZERO_REGIONS	178786765	5.112356	8.753515	2	1	0	0.009158	0	0.000917	0.00924	0.06243	0.002214	0.083959	1	0.243507	0.158173	0.107866	0.071786	0.045592	0.027626	0.009132	0.002886	0.001103	0.00061	0.000443	0.000359	0.000308	5.112356	5.112356	5.112356	0.614698	4	Pdeltoides_UF0273
WHOLE_GENOME	432523942	5.175901	9.87744	2	2	0	0.010675	0	0.000866	0.008665	0.065018	0.002404	0.087628	0.705599	0.30526	0.111814	0.078834	0.061598	0.048501	0.037896	0.021932	0.01161	0.005665	0.002594	0.001177	0.000565	0.000312	?	?	?	0.527067	3	Pdeltoides_UF0275
NON_ZERO_REGIONS	305188631	7.335467	11.064783	4	2	0	0.010675	0	0.000866	0.008665	0.065018	0.002404	0.087628	1	0.432625	0.158466	0.111726	0.087299	0.068738	0.053708	0.031082	0.016455	0.008029	0.003677	0.001668	0.000801	0.000442	3.667733	7.335467	7.335467	0.746105	6	Pdeltoides_UF0275
WHOLE_GENOME	432523942	2.91631	7.921388	0	0	0	0.008893	0	0.000661	0.008182	0.06995	0.000298	0.087985	0.496001	0.115862	0.078658	0.05974	0.04547	0.03408	0.024918	0.012052	0.005134	0.002024	0.000791	0.000337	0.000174	0.00011	?	?	?	0.313485	2	Pdeltoides_UF0276
NON_ZERO_REGIONS	214532247	5.879648	10.444388	2	1	0	0.008893	0	0.000661	0.008182	0.06995	0.000298	0.087985	1	0.233593	0.158585	0.120444	0.091673	0.068709	0.050238	0.024299	0.01035	0.004082	0.001594	0.00068	0.00035	0.000222	5.879648	5.879648	5.879648	0.630331	4	Pdeltoides_UF0276
WHOLE_GENOME	432523942	3.839512	9.277698	1	1	0	0.012114	0	0.001137	0.01009	0.093418	0.002526	0.119284	0.586088	0.219844	0.074239	0.050778	0.039788	0.031801	0.025435	0.015927	0.009529	0.005544	0.003305	0.002065	0.001381	0.000942	?	?	?	0.424242	2	Pdeltoides_UF0281
NON_ZERO_REGIONS	253497107	6.551085	11.362264	3	2	0	0.012114	0	0.001137	0.01009	0.093418	0.002526	0.119284	1	0.375104	0.126669	0.086639	0.067888	0.05426	0.043398	0.027175	0.016258	0.00946	0.005639	0.003523	0.002356	0.001607	3.275542	6.551085	6.551085	0.722782	6	Pdeltoides_UF0281
WHOLE_GENOME	432523942	3.636808	9.413186	1	1	0	0.010842	0	0.00089	0.007862	0.085768	0.001533	0.106895	0.566477	0.172857	0.070076	0.05259	0.042305	0.034603	0.028388	0.018665	0.011604	0.006727	0.003595	0.001809	0.000908	0.000483	?	?	?	0.394281	2	Pdeltoides_UF0287
NON_ZERO_REGIONS	245014780	6.420048	11.770771	3	2	0	0.010842	0	0.00089	0.007862	0.085768	0.001533	0.106895	1	0.305145	0.123705	0.092837	0.07468	0.061085	0.050114	0.03295	0.020485	0.011874	0.006347	0.003193	0.001603	0.000853	6.420048	6.420048	6.420048	0.694767	5	Pdeltoides_UF0287
WHOLE_GENOME	432523942	1.218333	4.042399	0	0	0	0.008621	0	0.000804	0.008139	0.076016	0.000381	0.093961	0.28452	0.068912	0.03958	0.022594	0.011917	0.005815	0.002707	0.000643	0.000235	0.000136	0.0001	0.000082	0.000068	0.000057	?	?	?	0.174357	1	Pdeltoides_UF0304
NON_ZERO_REGIONS	123061799	4.282061	6.656907	1	0	0	0.008621	0	0.000804	0.008139	0.076016	0.000381	0.093961	1	0.242203	0.139112	0.079412	0.041884	0.020438	0.009513	0.00226	0.000827	0.000478	0.000351	0.000287	0.000238	0.000201	4.282061	4.282061	4.282061	0.610615	4	Pdeltoides_UF0304
