## METRICS CLASS	picard.analysis.CollectWgsMetricsWithNonZeroCoverage$WgsMetricsWithNonZeroCoverage
CATEGORY	GENOME_TERRITORY	MEAN_COVERAGE	SD_COVERAGE	MEDIAN_COVERAGE	MAD_COVERAGE	PCT_EXC_ADAPTER	PCT_EXC_MAPQ	PCT_EXC_DUPE	PCT_EXC_UNPAIRED	PCT_EXC_BASEQ	PCT_EXC_OVERLAP	PCT_EXC_CAPPED	PCT_EXC_TOTAL	PCT_1X	PCT_5X	PCT_10X	PCT_15X	PCT_20X	PCT_25X	PCT_30X	PCT_40X	PCT_50X	PCT_60X	PCT_70X	PCT_80X	PCT_90X	PCT_100X	FOLD_80_BASE_PENALTY	FOLD_90_BASE_PENALTY	FOLD_95_BASE_PENALTY	HET_SNP_SENSITIVITY	HET_SNP_Q
WHOLE_GENOME	167187188	57.868412	42.078325	62	21	0	0	0	0	0.014605	0.048688	0.077459	0.140752	0.907964	0.866593	0.834637	0.808175	0.78372	0.760074	0.73649	0.685976	0.624492	0.535288	0.395799	0.233009	0.120486	0.07308	3.616776	57.868412	?	0.887551	9	Aha09
NON_ZERO_REGIONS	151799899	63.734279	39.70145	66	18	0	0	0	0	0.014605	0.048688	0.077459	0.140752	1	0.954436	0.91924	0.890096	0.863162	0.837119	0.811145	0.755511	0.687794	0.589548	0.43592	0.256629	0.132699	0.080488	1.991696	4.902637	12.746856	0.977232	16	Aha09
WHOLE_GENOME	167187188	64.955804	46.674309	71	24	0	0	0	0	0.015191	0.064481	0.086997	0.166669	0.900427	0.860453	0.831151	0.807969	0.787378	0.767785	0.748327	0.707798	0.661315	0.602698	0.515314	0.383111	0.233862	0.128581	4.059738	64.955804	?	0.881181	9	Aha11
NON_ZERO_REGIONS	150539786	72.138925	43.60294	75	19	0	0	0	0	0.015191	0.064481	0.086997	0.166669	1	0.955606	0.923063	0.897318	0.87445	0.85269	0.83108	0.786069	0.734447	0.669347	0.5723	0.425477	0.259723	0.1428	1.949701	5.15278	14.427785	0.97832	17	Aha11
WHOLE_GENOME	167187188	53.033107	39.574341	56	20	0	0	0	0	0.015295	0.074511	0.067532	0.157338	0.905152	0.861316	0.827794	0.800004	0.774326	0.748887	0.722678	0.66284	0.580929	0.453835	0.287415	0.150225	0.082963	0.058423	3.53554	53.033107	?	0.883688	9	Aha18
NON_ZERO_REGIONS	151329880	58.590253	37.478564	60	17	0	0	0	0	0.015295	0.074511	0.067532	0.157338	1	0.95157	0.914536	0.883834	0.855465	0.82736	0.798405	0.732297	0.641802	0.50139	0.317532	0.165967	0.091657	0.064545	2.020354	4.882521	11.718051	0.975987	16	Aha18
WHOLE_GENOME	167187188	60.512052	43.836013	65	22	0	0	0	0	0.015594	0.077258	0.082016	0.174868	0.904091	0.864377	0.83436	0.809429	0.786823	0.765184	0.743692	0.698354	0.643612	0.566301	0.442664	0.280665	0.150122	0.08755	3.559532	60.512052	?	0.884942	9	Aha19
NON_ZERO_REGIONS	151152383	66.931394	41.179977	69	18	0	0	0	0	0.015594	0.077258	0.082016	0.174868	1	0.956074	0.922872	0.895296	0.870292	0.846358	0.822585	0.772438	0.711889	0.626376	0.489624	0.310439	0.166047	0.096838	1.96857	4.780814	13.386279	0.978519	17	Aha19
WHOLE_GENOME	167187188	48.669917	39.17291	51	21	0	0	0	0	0.007673	0.114672	0.085546	0.20789	0.897477	0.849255	0.811367	0.778269	0.74611	0.713523	0.679649	0.605396	0.513823	0.381308	0.216846	0.106696	0.066967	0.052576	4.424538	?	?	0.875771	9	Aha21
NON_ZERO_REGIONS	150046647	54.229713	37.527402	55	18	0	0	0	0	0.007673	0.114672	0.085546	0.20789	1	0.94627	0.904053	0.867174	0.831341	0.795032	0.757288	0.674553	0.572519	0.424866	0.241617	0.118884	0.074616	0.058582	2.259571	5.422971	13.557428	0.97566	16	Aha21
WHOLE_GENOME	167187188	68.306346	47.467601	75	24	0	0	0	0	0.014043	0.056826	0.083494	0.154363	0.910759	0.872083	0.843506	0.820292	0.799247	0.779136	0.759538	0.720218	0.677319	0.625635	0.553027	0.441906	0.297375	0.170108	3.595071	68.306346	?	0.891962	10	Aha31
NON_ZERO_REGIONS	152267172	74.999396	44.406951	78	20	0	0	0	0	0.014043	0.056826	0.083494	0.154363	1	0.957535	0.926158	0.900669	0.877561	0.85548	0.833962	0.790789	0.743686	0.686938	0.607216	0.485207	0.326514	0.186776	2.027011	4.99996	12.499899	0.979091	17	Aha31
WHOLE_GENOME	167187188	59.731378	44.97443	61	26	0	0	0	0	0.017721	0.165889	0.068035	0.251645	0.901961	0.857777	0.826354	0.801039	0.77802	0.755518	0.73248	0.680024	0.610965	0.517893	0.402989	0.284782	0.185904	0.118151	3.982092	59.731378	?	0.881302	9	AhaN1
NON_ZERO_REGIONS	150796344	66.223894	42.57461	65	22	0	0	0	0	0.017721	0.165889	0.068035	0.251645	1	0.951014	0.916175	0.888108	0.862587	0.837639	0.812097	0.753939	0.677374	0.574185	0.446792	0.315736	0.206111	0.130994	2.069497	5.518658	13.244779	0.976727	16	AhaN1
WHOLE_GENOME	167187188	58.397915	43.608865	61	23	0	0	0	0	0.012404	0.170536	0.069857	0.252796	0.899231	0.855437	0.824709	0.799855	0.777605	0.756047	0.734217	0.685345	0.618775	0.519407	0.387134	0.252008	0.15113	0.09355	4.17128	?	?	0.879608	9	AhaN3
NON_ZERO_REGIONS	150339889	64.942067	41.107824	65	19	0	0	0	0	0.012404	0.170536	0.069857	0.252796	1	0.951299	0.917128	0.889488	0.864745	0.84077	0.816494	0.762146	0.688116	0.577612	0.430516	0.280249	0.168065	0.104033	1.967941	4.995544	12.988413	0.977964	17	AhaN3
WHOLE_GENOME	167187188	68.017662	49.439271	73	28	0	0	0	0	0.010332	0.149067	0.081801	0.2412	0.885058	0.843316	0.816632	0.795672	0.777225	0.760003	0.743114	0.70804	0.667385	0.612775	0.535071	0.430636	0.312345	0.205476	5.232128	?	?	0.866014	9	AhaN4
NON_ZERO_REGIONS	147970282	76.851118	45.63786	78	23	0	0	0	0	0.010332	0.149067	0.081801	0.2412	1	0.952837	0.922688	0.899006	0.878163	0.858705	0.839622	0.799993	0.754058	0.692357	0.604561	0.486562	0.352909	0.232161	1.970541	5.489366	15.370224	0.978262	17	AhaN4
