## METRICS CLASS	picard.analysis.CollectWgsMetricsWithNonZeroCoverage$WgsMetricsWithNonZeroCoverage
CATEGORY	GENOME_TERRITORY	MEAN_COVERAGE	SD_COVERAGE	MEDIAN_COVERAGE	MAD_COVERAGE	PCT_EXC_ADAPTER	PCT_EXC_MAPQ	PCT_EXC_DUPE	PCT_EXC_UNPAIRED	PCT_EXC_BASEQ	PCT_EXC_OVERLAP	PCT_EXC_CAPPED	PCT_EXC_TOTAL	PCT_1X	PCT_5X	PCT_10X	PCT_15X	PCT_20X	PCT_25X	PCT_30X	PCT_40X	PCT_50X	PCT_60X	PCT_70X	PCT_80X	PCT_90X	PCT_100X	FOLD_80_BASE_PENALTY	FOLD_90_BASE_PENALTY	FOLD_95_BASE_PENALTY	HET_SNP_SENSITIVITY	HET_SNP_Q
WHOLE_GENOME	183862724	16.730095	18.299856	16	13	0	0.033256	0	0.003602	0.026199	0.16584	0.025749	0.254646	0.748743	0.668269	0.604331	0.522284	0.418238	0.297866	0.181884	0.05241	0.023196	0.014453	0.009855	0.007172	0.005522	0.004413	?	?	?	0.709653	5	Alyr_Germany_Plech_PL-S2-1-3
NON_ZERO_REGIONS	137665970	22.344235	17.939309	21	8	0	0.033256	0	0.003602	0.026199	0.16584	0.025749	0.254646	1	0.892521	0.807127	0.697547	0.558587	0.397821	0.242919	0.069998	0.030979	0.019303	0.013162	0.009578	0.007376	0.005894	2.234424	5.586059	11.172118	0.94704	13	Alyr_Germany_Plech_PL-S2-1-3
WHOLE_GENOME	183862724	16.170858	17.953235	15	13	0	0.032188	0	0.00409	0.026092	0.14309	0.027416	0.232875	0.737928	0.65631	0.591421	0.50784	0.40172	0.280709	0.168179	0.048926	0.02256	0.014169	0.00968	0.007042	0.005372	0.004258	?	?	?	0.697802	5	Alyr_Germany_Plech_PL-S4-2-1
NON_ZERO_REGIONS	135677533	21.913856	17.633413	21	8	0	0.032188	0	0.00409	0.026092	0.14309	0.027416	0.232875	1	0.889395	0.801461	0.688197	0.544389	0.380401	0.227907	0.066302	0.030571	0.019201	0.013118	0.009543	0.007279	0.00577	2.191386	5.478464	10.956928	0.944847	13	Alyr_Germany_Plech_PL-S4-2-1
WHOLE_GENOME	183862724	19.187368	20.776239	18	16	0	0.031853	0	0.003607	0.026929	0.155402	0.025487	0.243279	0.743324	0.668402	0.613366	0.548443	0.468439	0.375095	0.273354	0.10555	0.038768	0.02173	0.014795	0.010603	0.00799	0.006304	?	?	?	0.706346	5	Alyr_Germany_Plech_PL-S5-1-2
NON_ZERO_REGIONS	136669618	25.812918	20.240559	25	10	0	0.031853	0	0.003607	0.026929	0.155402	0.025487	0.243279	1	0.899207	0.825166	0.737825	0.630195	0.504619	0.367746	0.141997	0.052155	0.029234	0.019904	0.014265	0.010749	0.008481	2.346629	6.45323	12.906459	0.949479	13	Alyr_Germany_Plech_PL-S5-1-2
WHOLE_GENOME	183862724	20.443762	21.576227	19	16	0	0.031497	0	0.003282	0.026096	0.16668	0.025429	0.252984	0.7503	0.677605	0.626751	0.567905	0.494579	0.407746	0.310095	0.131732	0.047686	0.024818	0.016768	0.012076	0.009062	0.007066	?	?	?	0.714931	5	Alyr_Germany_Plech_PL-S6-1-2
NON_ZERO_REGIONS	137952186	27.247454	20.858572	26	10	0	0.031497	0	0.003282	0.026096	0.16668	0.025429	0.252984	1	0.903112	0.835334	0.756904	0.659176	0.543445	0.413295	0.175572	0.063556	0.033077	0.022348	0.016095	0.012078	0.009417	2.270621	5.449491	13.623727	0.95215	13	Alyr_Germany_Plech_PL-S6-1-2
WHOLE_GENOME	183862724	18.495827	19.955664	17	15	0	0.032724	0	0.003817	0.029063	0.155685	0.027864	0.249153	0.746955	0.669784	0.613007	0.543648	0.45701	0.355839	0.248584	0.087954	0.03323	0.019253	0.013076	0.009401	0.007128	0.005631	?	?	?	0.708868	5	Alyr_Germany_Plech_PL-S7-1-2
NON_ZERO_REGIONS	137337212	24.761629	19.441818	24	10	0	0.032724	0	0.003817	0.029063	0.155685	0.027864	0.249153	1	0.896686	0.820675	0.727819	0.61183	0.476387	0.332796	0.11775	0.044487	0.025775	0.017505	0.012585	0.009542	0.007538	2.251057	6.190407	12.380815	0.948086	13	Alyr_Germany_Plech_PL-S7-1-2
WHOLE_GENOME	183862724	22.00987	22.196641	23	16	0	0.03151	0	0.003864	0.029217	0.158819	0.025988	0.249398	0.747757	0.678428	0.63857	0.597438	0.544615	0.472498	0.374078	0.153897	0.049802	0.026984	0.01841	0.01299	0.009612	0.007498	?	?	?	0.71381	5	Alyr_Germany_Plech_PL-S8-1-3
NON_ZERO_REGIONS	137484608	29.434529	20.984529	30	9	0	0.03151	0	0.003864	0.029217	0.158819	0.025988	0.249398	1	0.907285	0.853981	0.798973	0.728331	0.631888	0.500266	0.205812	0.066602	0.036086	0.02462	0.017372	0.012855	0.010027	2.102466	5.886906	14.717264	0.953679	13	Alyr_Germany_Plech_PL-S8-1-3
WHOLE_GENOME	183862724	6.586921	9.102003	6	5	0	0.032515	0	0.003786	0.189904	0.190856	0.011923	0.428984	0.720622	0.556771	0.263415	0.089043	0.033456	0.017821	0.011764	0.006495	0.004161	0.0029	0.002132	0.001633	0.001308	0.001078	?	?	?	0.650066	5	Alyr_Norway_Grovudalen_T3-2
NON_ZERO_REGIONS	132495480	9.140608	9.571989	8	3	0	0.032515	0	0.003786	0.189904	0.190856	0.011923	0.428984	1	0.772626	0.365538	0.123564	0.046427	0.02473	0.016325	0.009013	0.005774	0.004025	0.002958	0.002267	0.001815	0.001496	2.285152	4.570304	9.140608	0.895169	10	Alyr_Norway_Grovudalen_T3-2
WHOLE_GENOME	183862724	6.580215	9.422067	6	5	0	0.031068	0	0.003065	0.176206	0.211334	0.011109	0.432782	0.722123	0.559413	0.259017	0.084521	0.032185	0.0177	0.01184	0.006567	0.004238	0.003012	0.002286	0.001838	0.001537	0.001318	?	?	?	0.653755	5	Alyr_Norway_Grovudalen_T3-3
NON_ZERO_REGIONS	132771579	9.112314	9.99316	8	3	0	0.031068	0	0.003065	0.176206	0.211334	0.011109	0.432782	1	0.774677	0.358688	0.117044	0.04457	0.024511	0.016395	0.009095	0.005869	0.004171	0.003165	0.002546	0.002128	0.001826	2.278078	4.556157	9.112314	0.899285	10	Alyr_Norway_Grovudalen_T3-3
WHOLE_GENOME	183862724	9.055931	11.752044	8	7	0	0.03131	0	0.003155	0.180045	0.202991	0.012827	0.430327	0.730612	0.627419	0.423542	0.207806	0.088155	0.041015	0.024001	0.012462	0.007922	0.005496	0.004042	0.003123	0.002504	0.002057	?	?	?	0.681929	5	Alyr_Norway_Grovudalen_T3-5
NON_ZERO_REGIONS	134332244	12.395	12.150983	11	4	0	0.03131	0	0.003155	0.180045	0.202991	0.012827	0.430327	1	0.858759	0.579709	0.284428	0.120659	0.056138	0.032851	0.017057	0.010842	0.007522	0.005532	0.004274	0.003427	0.002815	2.065833	4.131667	6.1975	0.927758	11	Alyr_Norway_Grovudalen_T3-5
WHOLE_GENOME	183862724	10.179529	13.032365	9	7	0	0.032613	0	0.003186	0.17331	0.194607	0.012672	0.416389	0.736914	0.646619	0.480552	0.267027	0.122723	0.056794	0.031363	0.015488	0.009745	0.006741	0.004989	0.003859	0.003117	0.002577	?	?	?	0.691616	5	Alyr_Norway_Grovudalen_T3-6
NON_ZERO_REGIONS	135490989	13.813729	13.4267	12	5	0	0.032613	0	0.003186	0.17331	0.194607	0.012672	0.416389	1	0.877469	0.652114	0.362359	0.166536	0.07707	0.04256	0.021017	0.013224	0.009147	0.00677	0.005237	0.00423	0.003498	1.97339	3.453432	6.906865	0.933052	12	Alyr_Norway_Grovudalen_T3-6
WHOLE_GENOME	183862724	21.818136	21.871344	24	13	0	0.037491	0	0.006135	0.013535	0.051343	0.031618	0.140122	0.755772	0.694954	0.65637	0.615864	0.565714	0.487627	0.357919	0.105324	0.041853	0.027542	0.019007	0.013807	0.010608	0.008376	?	?	?	0.726384	6	Alyr_Norway_Lom_J1-10
NON_ZERO_REGIONS	138958233	28.868688	20.721887	29	7	0	0.037491	0	0.006135	0.013535	0.051343	0.031618	0.140122	1	0.919529	0.868476	0.814881	0.748525	0.645204	0.473581	0.139359	0.055378	0.036443	0.025149	0.018268	0.014036	0.011083	1.804293	4.811448	14.434344	0.960448	14	Alyr_Norway_Lom_J1-10
WHOLE_GENOME	183862724	19.571628	20.119263	22	11	0	0.03655	0	0.005383	0.014254	0.081924	0.027595	0.165706	0.753445	0.690685	0.650642	0.605869	0.541133	0.415241	0.242365	0.059946	0.032568	0.021396	0.014929	0.01115	0.008637	0.00691	?	?	?	0.723858	6	Alyr_Norway_Lom_J1-1
NON_ZERO_REGIONS	138530479	25.976181	19.258227	26	6	0	0.03655	0	0.005383	0.014254	0.081924	0.027595	0.165706	1	0.916702	0.863556	0.804131	0.718211	0.551123	0.321676	0.079563	0.043225	0.028398	0.019814	0.014799	0.011464	0.009172	1.731745	4.329363	12.98809	0.96009	14	Alyr_Norway_Lom_J1-1
WHOLE_GENOME	183862724	15.112648	16.489755	16	9	0	0.039675	0	0.005634	0.015731	0.086421	0.032295	0.179756	0.749728	0.679593	0.624684	0.544352	0.374751	0.17863	0.074965	0.030624	0.018038	0.011943	0.008516	0.006435	0.005067	0.00413	?	?	?	0.715918	5	Alyr_Norway_Lom_J1-20
NON_ZERO_REGIONS	137846991	20.157514	16.155155	19	5	0	0.039675	0	0.005634	0.015731	0.086421	0.032295	0.179756	1	0.906453	0.833215	0.726067	0.499849	0.23826	0.09999	0.040847	0.024059	0.01593	0.011359	0.008583	0.006759	0.005508	1.832501	4.031503	10.078757	0.954124	13	Alyr_Norway_Lom_J1-20
WHOLE_GENOME	183862724	13.363797	14.903846	14	8	0	0.039443	0	0.007066	0.013153	0.060681	0.02984	0.150184	0.747588	0.673458	0.604777	0.481442	0.270594	0.107503	0.048761	0.02321	0.013813	0.009091	0.006432	0.004838	0.003841	0.003145	?	?	?	0.710739	5	Alyr_Norway_Lom_J1-22
NON_ZERO_REGIONS	137453532	17.875889	14.71272	17	5	0	0.039443	0	0.007066	0.013153	0.060681	0.02984	0.150184	1	0.900841	0.808971	0.643994	0.361956	0.1438	0.065224	0.031046	0.018476	0.012161	0.008603	0.006472	0.005138	0.004207	1.787589	3.575178	8.937945	0.950034	13	Alyr_Norway_Lom_J1-22
WHOLE_GENOME	183862724	13.240988	14.966681	14	8	0	0.040458	0	0.005543	0.013508	0.093931	0.026067	0.179508	0.742755	0.672426	0.60502	0.4762	0.258393	0.100899	0.047664	0.023133	0.013824	0.00932	0.006674	0.005073	0.004014	0.003279	?	?	?	0.708446	5	Alyr_Norway_Lom_J1-2
NON_ZERO_REGIONS	136564981	17.826856	14.826677	17	5	0	0.040458	0	0.005543	0.013508	0.093931	0.026067	0.179508	1	0.905313	0.814562	0.641126	0.347885	0.135845	0.064172	0.031144	0.018612	0.012548	0.008985	0.00683	0.005404	0.004415	1.782686	3.565371	8.913428	0.953151	13	Alyr_Norway_Lom_J1-2
WHOLE_GENOME	183862724	18.278958	19.130373	20	11	0	0.038939	0	0.005751	0.015905	0.077485	0.023611	0.161691	0.751111	0.688779	0.646745	0.596761	0.510555	0.348295	0.175503	0.048349	0.028583	0.018659	0.013231	0.009927	0.007717	0.0062	?	?	?	0.721119	6	Alyr_Norway_Lom_J1-3
NON_ZERO_REGIONS	138101254	24.335906	18.434715	24	6	0	0.038939	0	0.005751	0.015905	0.077485	0.023611	0.161691	1	0.917014	0.861052	0.794505	0.679733	0.463707	0.233658	0.064369	0.038055	0.024842	0.017615	0.013216	0.010274	0.008254	1.738279	4.055984	12.167953	0.959348	14	Alyr_Norway_Lom_J1-3
WHOLE_GENOME	183862724	15.238547	16.492998	16	9	0	0.037979	0	0.005605	0.014312	0.085746	0.026581	0.170223	0.746624	0.680587	0.626505	0.545196	0.382462	0.186902	0.078826	0.031341	0.018549	0.012303	0.008722	0.00648	0.005018	0.004046	?	?	?	0.714666	5	Alyr_Norway_Lom_J1-7
NON_ZERO_REGIONS	137276238	20.409947	16.08677	20	5	0	0.037979	0	0.005605	0.014312	0.085746	0.026581	0.170223	1	0.911553	0.839117	0.730215	0.512255	0.250329	0.105577	0.041977	0.024843	0.016478	0.011682	0.008679	0.006721	0.005419	1.700829	4.081989	10.204974	0.956547	14	Alyr_Norway_Lom_J1-7
WHOLE_GENOME	183862724	23.398216	23.24351	26	13	0	0.037271	0	0.00525	0.015905	0.069754	0.032168	0.160347	0.751948	0.695307	0.662414	0.629758	0.5907	0.532134	0.420544	0.138418	0.049768	0.032547	0.022681	0.016478	0.012691	0.01011	?	?	?	0.724839	6	Alyr_Norway_Lom_J1-8
NON_ZERO_REGIONS	138255193	31.116804	21.870158	31	7	0	0.037271	0	0.00525	0.015905	0.069754	0.032168	0.160347	1	0.924674	0.880931	0.837502	0.78556	0.707674	0.559273	0.184079	0.066186	0.043283	0.030163	0.021913	0.016878	0.013446	1.728711	4.445258	10.372268	0.963231	14	Alyr_Norway_Lom_J1-8
WHOLE_GENOME	183862724	15.175127	16.557687	16	10	0	0.037377	0	0.006302	0.01655	0.075076	0.023508	0.158812	0.742044	0.673641	0.621586	0.543424	0.383584	0.18862	0.078732	0.03124	0.018515	0.012286	0.008765	0.006572	0.005132	0.004164	?	?	?	0.708974	5	Alyr_Norway_Lom_J1-9
NON_ZERO_REGIONS	136434318	20.450428	16.173421	20	5	0	0.037377	0	0.006302	0.01655	0.075076	0.023508	0.158812	1	0.907818	0.837667	0.732334	0.516929	0.254189	0.106102	0.0421	0.024951	0.016557	0.011813	0.008857	0.006916	0.005611	1.704202	4.090086	10.225214	0.954556	13	Alyr_Norway_Lom_J1-9
WHOLE_GENOME	183862724	15.398134	16.566761	16	10	0	0.037847	0	0.006305	0.017531	0.05813	0.027752	0.147565	0.747392	0.6809	0.626997	0.548709	0.393718	0.197885	0.082834	0.03128	0.018524	0.012262	0.008757	0.006556	0.005099	0.004093	?	?	?	0.714656	5	Alyr_Norway_Nedre_Kamtjern_T4-11
NON_ZERO_REGIONS	137417532	20.602487	16.124446	20	5	0	0.037847	0	0.006305	0.017531	0.05813	0.027752	0.147565	1	0.911035	0.838913	0.734165	0.526789	0.264768	0.11083	0.041852	0.024785	0.016406	0.011716	0.008772	0.006822	0.005476	1.716874	4.120497	10.301243	0.955203	13	Alyr_Norway_Nedre_Kamtjern_T4-11
WHOLE_GENOME	183862724	22.410971	22.195015	25	13	0	0.035191	0	0.004489	0.014544	0.097535	0.026921	0.178681	0.751462	0.694989	0.661212	0.626508	0.584128	0.513671	0.381637	0.110403	0.043873	0.028757	0.019978	0.014719	0.011371	0.009053	?	?	?	0.724951	6	Alyr_Norway_Nedre_Kamtjern_T4-14
NON_ZERO_REGIONS	138165853	29.823158	20.844476	30	7	0	0.035191	0	0.004489	0.014544	0.097535	0.026921	0.178681	1	0.924849	0.879901	0.833718	0.777322	0.683562	0.50786	0.146918	0.058383	0.038268	0.026585	0.019587	0.015132	0.012048	1.656842	4.260451	9.941053	0.964099	14	Alyr_Norway_Nedre_Kamtjern_T4-14
WHOLE_GENOME	183862724	16.602892	17.355778	18	10	0	0.036418	0	0.006087	0.014798	0.069826	0.023107	0.150236	0.749421	0.684262	0.636613	0.574544	0.453713	0.263729	0.116036	0.037259	0.02225	0.014589	0.010378	0.007694	0.005913	0.004701	?	?	?	0.717841	5	Alyr_Norway_Nedre_Kamtjern_T4-15
NON_ZERO_REGIONS	137790602	22.15429	16.701907	22	6	0	0.036418	0	0.006087	0.014798	0.069826	0.023107	0.150236	1	0.913054	0.849472	0.766651	0.605418	0.35191	0.154834	0.049717	0.02969	0.019466	0.013848	0.010267	0.007891	0.006273	1.704176	3.692382	11.077145	0.957157	14	Alyr_Norway_Nedre_Kamtjern_T4-15
WHOLE_GENOME	183862724	19.445713	19.833427	21	11	0	0.037096	0	0.004958	0.014778	0.089829	0.02794	0.174602	0.752184	0.69255	0.652984	0.607364	0.540071	0.409038	0.234612	0.058645	0.031836	0.020716	0.014481	0.010784	0.008359	0.006675	?	?	?	0.723795	6	Alyr_Norway_Nedre_Kamtjern_T4-16
NON_ZERO_REGIONS	138298560	25.852343	18.903369	25	6	0	0.037096	0	0.004958	0.014778	0.089829	0.02794	0.174602	1	0.920719	0.868118	0.807467	0.718004	0.543801	0.311907	0.077967	0.042325	0.027541	0.019252	0.014337	0.011113	0.008875	1.72349	4.308724	12.926171	0.961617	14	Alyr_Norway_Nedre_Kamtjern_T4-16
WHOLE_GENOME	183862724	11.801169	13.471025	12	8	0	0.040026	0	0.006415	0.01672	0.075088	0.028844	0.167093	0.744396	0.668188	0.581145	0.399763	0.172447	0.063498	0.03437	0.017248	0.010305	0.006823	0.004904	0.003762	0.003025	0.002492	?	?	?	0.706142	5	Alyr_Norway_Nedre_Kamtjern_T4-19
NON_ZERO_REGIONS	136866748	15.85334	13.399215	15	4	0	0.040026	0	0.006415	0.01672	0.075088	0.028844	0.167093	1	0.897624	0.780692	0.537029	0.231661	0.085301	0.046172	0.023171	0.013843	0.009166	0.006588	0.005054	0.004063	0.003347	1.761482	3.963335	7.92667	0.947752	13	Alyr_Norway_Nedre_Kamtjern_T4-19
WHOLE_GENOME	183862724	12.646383	14.186588	13	8	0	0.039657	0	0.007353	0.014767	0.054291	0.02556	0.141628	0.743138	0.668411	0.594764	0.451252	0.228657	0.085359	0.041008	0.01985	0.011823	0.007976	0.005743	0.004309	0.003389	0.00276	?	?	?	0.7055	5	Alyr_Norway_Nedre_Kamtjern_T4-23
NON_ZERO_REGIONS	136635434	17.017536	14.015606	16	5	0	0.039657	0	0.007353	0.014767	0.054291	0.02556	0.141628	1	0.899444	0.800342	0.607224	0.307691	0.114862	0.055182	0.026712	0.015909	0.010733	0.007728	0.005799	0.00456	0.003714	1.701754	4.254384	8.508768	0.948536	13	Alyr_Norway_Nedre_Kamtjern_T4-23
WHOLE_GENOME	183862724	15.35619	16.569094	16	10	0	0.038292	0	0.006043	0.012246	0.069235	0.026776	0.152592	0.744071	0.678176	0.625697	0.548048	0.391088	0.195745	0.082952	0.032023	0.018877	0.012463	0.00885	0.006597	0.005124	0.00411	?	?	?	0.711739	5	Alyr_Norway_Nedre_Kamtjern_T4-25
NON_ZERO_REGIONS	136806916	20.638071	16.123134	20	5	0	0.038292	0	0.006043	0.012246	0.069235	0.026776	0.152592	1	0.91144	0.84091	0.736553	0.525606	0.263073	0.111484	0.043037	0.02537	0.01675	0.011894	0.008866	0.006887	0.005524	1.719839	4.127614	10.319036	0.955959	14	Alyr_Norway_Nedre_Kamtjern_T4-25
WHOLE_GENOME	183862724	15.959784	17.00313	17	10	0	0.037166	0	0.005641	0.013157	0.083171	0.026421	0.165557	0.747529	0.681243	0.631203	0.561773	0.423379	0.228392	0.097087	0.033986	0.020177	0.013281	0.009469	0.007134	0.00558	0.004479	?	?	?	0.715774	5	Alyr_Norway_Nedre_Kamtjern_T4-27
NON_ZERO_REGIONS	137442708	21.350055	16.482321	21	5	0	0.037166	0	0.005641	0.013157	0.083171	0.026421	0.165557	1	0.911326	0.844386	0.751506	0.566372	0.30553	0.129877	0.045464	0.026992	0.017767	0.012668	0.009543	0.007465	0.005991	1.779171	4.270011	10.675027	0.9569	14	Alyr_Norway_Nedre_Kamtjern_T4-27
WHOLE_GENOME	183862724	13.390257	14.868073	14	8	0	0.038594	0	0.006313	0.015424	0.074893	0.027106	0.162329	0.746291	0.674293	0.608001	0.484916	0.271111	0.106908	0.048413	0.022745	0.013651	0.009161	0.006546	0.004947	0.003881	0.00315	?	?	?	0.710696	5	Alyr_Norway_Nedre_Kamtjern_T4-3
NON_ZERO_REGIONS	137215165	17.942399	14.646997	17	5	0	0.038594	0	0.006313	0.015424	0.074893	0.027106	0.162329	1	0.903525	0.814697	0.649768	0.363277	0.143253	0.064871	0.030477	0.018292	0.012275	0.008772	0.006628	0.005201	0.004221	1.79424	3.58848	8.971199	0.951547	13	Alyr_Norway_Nedre_Kamtjern_T4-3
WHOLE_GENOME	183862724	13.993007	15.784304	15	9	0	0.039026	0	0.005958	0.012552	0.078901	0.028266	0.164704	0.741497	0.673069	0.612056	0.506665	0.308926	0.129923	0.056524	0.025764	0.015377	0.010365	0.007491	0.005708	0.004516	0.003714	?	?	?	0.708273	5	Alyr_Norway_Spiterstulen_J3-1
NON_ZERO_REGIONS	136333618	18.871298	15.618647	18	5	0	0.039026	0	0.005958	0.012552	0.078901	0.028266	0.164704	1	0.907716	0.825433	0.6833	0.416625	0.175218	0.076229	0.034746	0.020738	0.013978	0.010103	0.007698	0.00609	0.005009	1.715573	3.77426	9.435649	0.954486	13	Alyr_Norway_Spiterstulen_J3-1
WHOLE_GENOME	183862724	12.155603	13.920115	13	8	0	0.039216	0	0.007556	0.01662	0.052816	0.025367	0.141574	0.741231	0.664129	0.584399	0.422883	0.198435	0.07363	0.037564	0.018384	0.010999	0.007354	0.005273	0.004038	0.003214	0.002658	?	?	?	0.702239	5	Alyr_Norway_Spiterstulen_J3-2
NON_ZERO_REGIONS	136284837	16.3992	13.850061	16	4	0	0.039216	0	0.007556	0.01662	0.052816	0.025367	0.141574	1	0.895981	0.788417	0.570514	0.26771	0.099335	0.050678	0.024802	0.014839	0.009921	0.007114	0.005448	0.004336	0.003586	1.822133	4.0998	8.1996	0.946471	13	Alyr_Norway_Spiterstulen_J3-2
WHOLE_GENOME	183862724	16.858258	17.852107	18	10	0	0.038942	0	0.006125	0.016534	0.064099	0.031255	0.156954	0.751454	0.686236	0.638178	0.576221	0.459871	0.27402	0.123435	0.039214	0.02357	0.01543	0.010948	0.008152	0.00629	0.005007	?	?	?	0.7198	6	Alyr_Norway_Spiterstulen_J3-3
NON_ZERO_REGIONS	138164333	22.434193	17.292097	22	6	0	0.038942	0	0.006125	0.016534	0.064099	0.031255	0.156954	1	0.913212	0.849258	0.766809	0.611974	0.364654	0.164261	0.052184	0.031366	0.020534	0.014569	0.010848	0.00837	0.006663	1.725707	3.739032	11.217096	0.957047	14	Alyr_Norway_Spiterstulen_J3-3
WHOLE_GENOME	183862724	18.249647	19.344132	19	12	0	0.037669	0	0.005509	0.014806	0.072839	0.028546	0.15937	0.747515	0.684882	0.639336	0.584464	0.498467	0.352423	0.190317	0.049964	0.028483	0.018878	0.013461	0.01015	0.007836	0.006205	?	?	?	0.717454	5	Alyr_Norway_Spiterstulen_J3-4
NON_ZERO_REGIONS	137440154	24.413752	18.710877	24	6	0	0.037669	0	0.005509	0.014806	0.072839	0.028546	0.15937	1	0.916212	0.855282	0.781877	0.666833	0.47146	0.2546	0.06684	0.038104	0.025254	0.018007	0.013579	0.010483	0.008301	1.877981	4.068959	12.206876	0.959032	14	Alyr_Norway_Spiterstulen_J3-4
WHOLE_GENOME	183862724	15.337894	16.878549	16	10	0	0.039577	0	0.005927	0.014655	0.066403	0.029923	0.156485	0.74499	0.678513	0.624338	0.544744	0.386812	0.1928	0.08131	0.031979	0.019112	0.012801	0.00926	0.006993	0.005486	0.004444	?	?	?	0.712889	5	Alyr_Norway_Spiterstulen_J3-5
NON_ZERO_REGIONS	136975829	20.588062	16.562338	20	5	0	0.039577	0	0.005927	0.014655	0.066403	0.029923	0.156485	1	0.910769	0.838049	0.73121	0.519218	0.258795	0.109143	0.042926	0.025654	0.017182	0.01243	0.009386	0.007364	0.005965	1.715672	4.117612	10.294031	0.956027	14	Alyr_Norway_Spiterstulen_J3-5
WHOLE_GENOME	183862724	7.163945	9.636543	7	5	0	0.041171	0	0.005984	0.014177	0.098555	0.024511	0.184398	0.722249	0.5989	0.322586	0.097734	0.033089	0.017934	0.011728	0.006333	0.004004	0.002847	0.002199	0.00179	0.001502	0.001295	?	?	?	0.657693	5	Alyr_Norway_Spiterstulen_J3-6
NON_ZERO_REGIONS	132794732	9.918936	10.06221	9	3	0	0.041171	0	0.005984	0.014177	0.098555	0.024511	0.184398	1	0.829214	0.446641	0.135319	0.045814	0.024831	0.016239	0.008768	0.005544	0.003942	0.003045	0.002478	0.00208	0.001793	1.983787	3.306312	4.959468	0.909851	10	Alyr_Norway_Spiterstulen_J3-6
WHOLE_GENOME	183862724	13.095884	14.811203	14	8	0	0.040034	0	0.006561	0.015716	0.073443	0.031737	0.167492	0.744401	0.670922	0.602849	0.471789	0.251928	0.09622	0.045056	0.022056	0.013222	0.008825	0.006336	0.004798	0.003796	0.003156	?	?	?	0.708141	5	Alyr_Norway_Spiterstulen_J3-7
NON_ZERO_REGIONS	136867600	17.592512	14.682938	17	5	0	0.040034	0	0.006561	0.015716	0.073443	0.031737	0.167492	1	0.901291	0.809845	0.633784	0.338431	0.129258	0.060526	0.029629	0.017762	0.011855	0.008511	0.006445	0.0051	0.004239	1.759251	3.518502	8.796256	0.950456	13	Alyr_Norway_Spiterstulen_J3-7
WHOLE_GENOME	183862724	9.979851	12.812227	9	7	0	0.035601	0	0.005389	0.013121	0.126453	0.028138	0.208702	0.73592	0.636806	0.491053	0.276456	0.109114	0.04355	0.024852	0.012786	0.007868	0.005386	0.004014	0.003191	0.002654	0.002276	?	?	?	0.687464	5	Alyr_Norway_Spiterstulen_Sp154-4g
NON_ZERO_REGIONS	135308244	13.561056	13.2096	12	5	0	0.035601	0	0.005389	0.013121	0.126453	0.028138	0.208702	1	0.86532	0.667264	0.37566	0.148269	0.059177	0.03377	0.017374	0.010691	0.007319	0.005455	0.004336	0.003607	0.003092	2.260176	4.520352	6.780528	0.933698	12	Alyr_Norway_Spiterstulen_Sp154-4g
WHOLE_GENOME	183862724	19.022793	20.706726	19	13	0	0.035696	0	0.003885	0.012324	0.149532	0.042805	0.244242	0.754756	0.68626	0.638273	0.578644	0.491992	0.369833	0.2327	0.067994	0.032839	0.021908	0.015492	0.011611	0.009109	0.007408	?	?	?	0.722664	6	Alyr_Norway_Spiterstulen_Sp164-1g
NON_ZERO_REGIONS	138771468	25.203902	20.305194	24	8	0	0.035696	0	0.003885	0.012324	0.149532	0.042805	0.244242	1	0.909248	0.845668	0.766664	0.651856	0.490004	0.308311	0.090088	0.04351	0.029027	0.020526	0.015384	0.012069	0.009815	1.938762	5.04078	12.601951	0.957097	14	Alyr_Norway_Spiterstulen_Sp164-1g
WHOLE_GENOME	183862724	12.778414	15.767391	12	10	0	0.035108	0	0.003777	0.019864	0.18124	0.02512	0.265109	0.738093	0.648238	0.550738	0.417644	0.255101	0.122741	0.057308	0.02408	0.014699	0.009975	0.007273	0.005583	0.004458	0.003693	?	?	?	0.696311	5	Alyr_Norway_Spiterstulen_SP21
NON_ZERO_REGIONS	135707709	17.312753	16.072543	16	6	0	0.035108	0	0.003777	0.019864	0.18124	0.02512	0.265109	1	0.878261	0.746164	0.565843	0.345622	0.166295	0.077643	0.032625	0.019914	0.013515	0.009854	0.007564	0.00604	0.005003	2.164094	4.328188	8.656376	0.942675	12	Alyr_Norway_Spiterstulen_SP21
WHOLE_GENOME	183862724	8.12096	11.288318	7	6	0	0.036052	0	0.005074	0.012496	0.151098	0.024781	0.229501	0.73017	0.611494	0.392343	0.150425	0.049058	0.024553	0.015991	0.008534	0.005361	0.003802	0.002962	0.002431	0.00208	0.001826	?	?	?	0.673547	5	Alyr_Norway_Spiterstulen_Sp3-5g
NON_ZERO_REGIONS	134251135	11.122006	11.880149	10	4	0	0.036052	0	0.005074	0.012496	0.151098	0.024781	0.229501	1	0.837468	0.53733	0.206013	0.067187	0.033627	0.021901	0.011687	0.007342	0.005207	0.004057	0.00333	0.002849	0.0025	2.224401	3.707335	11.122006	0.921997	11	Alyr_Norway_Spiterstulen_Sp3-5g
WHOLE_GENOME	183862724	19.197081	21.061364	19	14	0	0.035796	0	0.004281	0.012471	0.129968	0.042205	0.22472	0.756045	0.6843	0.632562	0.568245	0.480888	0.370124	0.249029	0.081023	0.0347	0.022524	0.016075	0.012033	0.009452	0.00769	?	?	?	0.722083	6	Alyr_Norway_Spiterstulen_Sp76-3g
NON_ZERO_REGIONS	139008429	25.391465	20.722652	24	9	0	0.035796	0	0.004281	0.012471	0.129968	0.042205	0.22472	1	0.905105	0.836673	0.751603	0.636058	0.489554	0.329384	0.107167	0.045897	0.029792	0.021262	0.015915	0.012501	0.010171	2.115955	5.078293	12.695732	0.954664	13	Alyr_Norway_Spiterstulen_Sp76-3g
WHOLE_GENOME	183862724	28.435929	36.236255	17	17	0	0.048503	0	0.003632	0.021094	0.119819	0.057553	0.2506	0.767945	0.680501	0.602353	0.531662	0.467888	0.410495	0.359179	0.273541	0.206684	0.153306	0.109389	0.074207	0.049058	0.033922	?	?	?	0.725535	6	Alyr_Norway_Spiterstulen_SpNor33-16
NON_ZERO_REGIONS	141196537	37.028581	37.305086	27	18	0	0.048503	0	0.003632	0.021094	0.119819	0.057553	0.2506	1	0.886132	0.78437	0.692318	0.609273	0.534537	0.467714	0.356198	0.269139	0.199632	0.142444	0.09663	0.063881	0.044172	4.114287	9.257145	18.51429	0.943935	13	Alyr_Norway_Spiterstulen_SpNor33-16
WHOLE_GENOME	183862724	11.13941	13.139891	11	7	0	0.041177	0	0.006212	0.015759	0.080539	0.031719	0.175406	0.742162	0.66248	0.563492	0.355085	0.137015	0.051585	0.029774	0.014986	0.009098	0.006178	0.004494	0.003481	0.002827	0.002368	?	?	?	0.702118	5	Alyr_Norway_Sunndalsora_T1-11
NON_ZERO_REGIONS	136456016	15.009395	13.211886	14	4	0	0.041177	0	0.006212	0.015759	0.080539	0.031719	0.175406	1	0.892635	0.759257	0.478447	0.184616	0.069506	0.040118	0.020192	0.012258	0.008324	0.006055	0.00469	0.003809	0.00319	1.876174	3.752349	7.504698	0.945217	13	Alyr_Norway_Sunndalsora_T1-11
WHOLE_GENOME	183862724	13.023672	14.613694	14	8	0	0.039496	0	0.006624	0.013173	0.056052	0.027657	0.143002	0.744875	0.671591	0.599388	0.466632	0.251061	0.097074	0.044837	0.021443	0.012799	0.008551	0.006186	0.004682	0.003672	0.002989	?	?	?	0.708333	5	Alyr_Norway_Sunndalsora_T1-18
NON_ZERO_REGIONS	136954703	17.484378	14.446914	17	5	0	0.039496	0	0.006624	0.013173	0.056052	0.027657	0.143002	1	0.901615	0.804683	0.626457	0.337051	0.130323	0.060193	0.028788	0.017182	0.01148	0.008304	0.006286	0.004929	0.004013	1.748438	3.496876	8.742189	0.950248	13	Alyr_Norway_Sunndalsora_T1-18
WHOLE_GENOME	183862724	16.591716	17.45942	18	10	0	0.038085	0	0.005742	0.014662	0.082599	0.031322	0.17241	0.748438	0.683496	0.636038	0.573609	0.453127	0.263494	0.116269	0.037305	0.022101	0.014376	0.010107	0.007449	0.005791	0.004682	?	?	?	0.717183	5	Alyr_Norway_Sunndalsora_T1-19
NON_ZERO_REGIONS	137609780	22.168469	16.842273	22	6	0	0.038085	0	0.005742	0.014662	0.082599	0.031322	0.17241	1	0.913231	0.849821	0.766409	0.605431	0.352059	0.155349	0.049844	0.02953	0.019208	0.013504	0.009952	0.007737	0.006256	1.705267	3.694745	11.084234	0.957546	14	Alyr_Norway_Sunndalsora_T1-19
WHOLE_GENOME	183862724	18.401679	18.969214	20	11	0	0.038988	0	0.005378	0.013785	0.079129	0.030453	0.167733	0.751432	0.689172	0.647136	0.597308	0.514863	0.359564	0.186571	0.049211	0.028201	0.018213	0.012737	0.009522	0.007383	0.005908	?	?	?	0.721718	6	Alyr_Norway_Sunndalsora_T1-25
NON_ZERO_REGIONS	138160253	24.48883	18.16022	24	6	0	0.038988	0	0.005378	0.013785	0.079129	0.030453	0.167733	1	0.917145	0.861205	0.794893	0.685177	0.478505	0.248287	0.06549	0.037529	0.024237	0.01695	0.012671	0.009826	0.007863	1.749202	4.081472	12.244415	0.959825	14	Alyr_Norway_Sunndalsora_T1-25
WHOLE_GENOME	183862724	15.651214	17.044398	16	10	0	0.037621	0	0.005861	0.010847	0.077153	0.026456	0.157938	0.749137	0.680578	0.624349	0.545519	0.401131	0.21391	0.092594	0.034082	0.020415	0.013427	0.009506	0.007146	0.005606	0.004548	?	?	?	0.716152	5	Alyr_Norway_Sunndalsora_T1-4
NON_ZERO_REGIONS	137738394	20.892322	16.682204	20	6	0	0.037621	0	0.005861	0.010847	0.077153	0.026456	0.157938	1	0.908483	0.833424	0.728196	0.535457	0.285542	0.123601	0.045495	0.027251	0.017923	0.01269	0.009539	0.007483	0.006071	1.899302	4.178464	10.446161	0.955444	14	Alyr_Norway_Sunndalsora_T1-4
WHOLE_GENOME	183862724	15.027444	21.202847	10	10	0	0.046192	0	0.004349	0.024394	0.12938	0.03497	0.239285	0.738643	0.622955	0.503673	0.392086	0.295752	0.217184	0.155248	0.073573	0.035874	0.022104	0.016293	0.012681	0.010153	0.008344	?	?	?	0.682482	5	Alyr_Russia_Karhumaki_C155_P2
NON_ZERO_REGIONS	135808869	20.344672	22.37082	16	9	0	0.046192	0	0.004349	0.024394	0.12938	0.03497	0.239285	1	0.843379	0.681889	0.530819	0.4004	0.294032	0.21018	0.099606	0.048567	0.029925	0.022058	0.017168	0.013746	0.011296	3.390779	6.781557	20.344672	0.923224	11	Alyr_Russia_Karhumaki_C155_P2
WHOLE_GENOME	183862724	20.629908	22.173035	21	15	0	0.036141	0	0.004332	0.022099	0.128818	0.030587	0.221977	0.75376	0.681824	0.638936	0.590084	0.520971	0.423342	0.301602	0.102263	0.041523	0.027245	0.019377	0.014309	0.011111	0.008921	?	?	?	0.718961	6	Alyr_Russia_Karhumaki_C158_P2
NON_ZERO_REGIONS	138588344	27.369337	21.628709	26	9	0	0.036141	0	0.004332	0.022099	0.128818	0.030587	0.221977	1	0.904564	0.847665	0.782854	0.691164	0.561641	0.400131	0.13567	0.055088	0.036146	0.025707	0.018983	0.014741	0.011835	2.105334	5.473867	13.684669	0.953197	13	Alyr_Russia_Karhumaki_C158_P2
WHOLE_GENOME	183862724	9.33753	12.478644	8	7	0	0.039605	0	0.005953	0.014479	0.109347	0.019626	0.189009	0.727219	0.619854	0.451088	0.234333	0.090281	0.039478	0.02419	0.01277	0.007987	0.005549	0.00413	0.003242	0.002649	0.00225	?	?	?	0.673388	5	Alyr_Russia_Karhumaki_C180_P4
NON_ZERO_REGIONS	133708483	12.84005	13.005903	12	4	0	0.039605	0	0.005953	0.014479	0.109347	0.019626	0.189009	1	0.852362	0.620292	0.322232	0.124146	0.054286	0.033264	0.017561	0.010983	0.00763	0.005679	0.004458	0.003643	0.003093	2.140008	4.280017	6.420025	0.925491	11	Alyr_Russia_Karhumaki_C180_P4
WHOLE_GENOME	183862724	17.808382	21.06895	16	14	0	0.037443	0	0.003994	0.022549	0.13836	0.033894	0.236241	0.74031	0.663829	0.599281	0.518465	0.421804	0.315737	0.212205	0.076996	0.034883	0.022603	0.016283	0.012309	0.009639	0.007797	?	?	?	0.702367	5	Alyr_Russia_Karhumaki_KAR_1456
NON_ZERO_REGIONS	136115419	24.055302	21.197711	22	9	0	0.037443	0	0.003994	0.022549	0.13836	0.033894	0.236241	1	0.89669	0.8095	0.700336	0.569767	0.426493	0.286644	0.104005	0.047119	0.030532	0.021995	0.016627	0.013021	0.010533	2.40553	6.013826	12.027651	0.948093	13	Alyr_Russia_Karhumaki_KAR_1456
WHOLE_GENOME	183862724	6.673095	12.357578	3	3	0	0.051072	0	0.005543	0.020273	0.135126	0.02956	0.241573	0.690335	0.433977	0.246868	0.135562	0.069072	0.035309	0.021404	0.011875	0.007788	0.005581	0.00424	0.003382	0.002777	0.002344	?	?	?	0.57248	4	Alyr_Sweden_Stubbsand_C101_P2
NON_ZERO_REGIONS	126926807	9.666465	13.866358	7	4	0	0.051072	0	0.005543	0.020273	0.135126	0.02956	0.241573	1	0.628648	0.357607	0.196371	0.100055	0.051148	0.031005	0.017202	0.011281	0.008085	0.006142	0.004899	0.004022	0.003396	4.833232	9.666465	9.666465	0.828282	8	Alyr_Sweden_Stubbsand_C101_P2
WHOLE_GENOME	183862724	20.542226	22.26123	20	15	0	0.034541	0	0.003661	0.026361	0.162417	0.034084	0.261064	0.760029	0.686473	0.636241	0.577793	0.502017	0.406555	0.296535	0.113196	0.045274	0.027797	0.019534	0.014324	0.011059	0.008921	?	?	?	0.724237	6	Alyr_Sweden_Stubbsand_C137_R2
NON_ZERO_REGIONS	139740915	27.02823	21.834057	26	10	0	0.034541	0	0.003661	0.026361	0.162417	0.034084	0.261064	1	0.90322	0.837128	0.760225	0.660524	0.534921	0.390164	0.148937	0.059569	0.036573	0.025702	0.018846	0.014551	0.011737	2.252353	5.405646	13.514115	0.952086	13	Alyr_Sweden_Stubbsand_C137_R2
WHOLE_GENOME	183862724	23.657602	24.302101	24	16	0	0.035134	0	0.004468	0.017908	0.120663	0.034039	0.212213	0.765505	0.69803	0.657789	0.617003	0.565071	0.494758	0.399435	0.178583	0.063852	0.03596	0.0256	0.018922	0.014459	0.011486	?	?	?	0.733053	6	Alyr_Sweden_Stubbsand_C138_P1
NON_ZERO_REGIONS	140747922	30.90455	23.399624	30	10	0	0.035134	0	0.004468	0.017908	0.120663	0.034039	0.212213	1	0.911855	0.859287	0.806007	0.738167	0.646315	0.521793	0.233287	0.083412	0.046975	0.033441	0.024718	0.018889	0.015005	2.060303	5.150758	15.452275	0.957113	14	Alyr_Sweden_Stubbsand_C138_P1
WHOLE_GENOME	183862724	8.948109	12.527278	7	7	0	0.037633	0	0.005007	0.025317	0.158203	0.020737	0.246897	0.727125	0.584158	0.404607	0.227579	0.100151	0.043609	0.02462	0.012449	0.007615	0.005204	0.00386	0.00305	0.002515	0.00214	?	?	?	0.659593	5	Alyr_Sweden_Stubbsand_C98_P2
NON_ZERO_REGIONS	133691172	12.306151	13.209911	11	5	0	0.037633	0	0.005007	0.025317	0.158203	0.020737	0.246897	1	0.803381	0.556448	0.312985	0.137735	0.059975	0.033859	0.017121	0.010472	0.007157	0.005308	0.004194	0.003459	0.002943	2.46123	6.153075	12.306151	0.906212	10	Alyr_Sweden_Stubbsand_C98_P2
WHOLE_GENOME	183862724	16.149669	18.388232	15	12	0	0.036408	0	0.004584	0.017819	0.13879	0.033946	0.231547	0.752127	0.675215	0.610758	0.520928	0.395087	0.251203	0.134955	0.042736	0.02418	0.016002	0.011374	0.008559	0.006724	0.005449	?	?	?	0.714976	5	Alyr_Sweden_Stubbsand_STU_198
NON_ZERO_REGIONS	138288181	21.471988	18.310657	20	7	0	0.036408	0	0.004584	0.017819	0.13879	0.033946	0.231547	1	0.89774	0.81204	0.692606	0.525293	0.333989	0.179431	0.05682	0.032149	0.021276	0.015122	0.01138	0.00894	0.007245	2.147199	5.367997	10.735994	0.950105	13	Alyr_Sweden_Stubbsand_STU_198
WHOLE_GENOME	183862724	14.995708	17.774806	14	11	0	0.038082	0	0.00546	0.01783	0.143658	0.038589	0.243619	0.754972	0.67169	0.595112	0.486368	0.343085	0.199245	0.101076	0.036064	0.021366	0.014181	0.010193	0.0078	0.006223	0.005093	?	?	?	0.714839	5	Alyr_Sweden_Stubbsand_STU_56
NON_ZERO_REGIONS	138811233	19.862597	17.9392	18	7	0	0.038082	0	0.00546	0.01783	0.143658	0.038589	0.243619	1	0.889688	0.788257	0.644219	0.454434	0.26391	0.13388	0.047768	0.028301	0.018784	0.013502	0.010332	0.008242	0.006746	2.206955	4.965649	9.931299	0.94634	13	Alyr_Sweden_Stubbsand_STU_56
WHOLE_GENOME	183862724	25.659486	25.781491	26	17	0	0.033474	0	0.003892	0.025845	0.139616	0.038332	0.241159	0.773163	0.707201	0.668261	0.629983	0.583435	0.524306	0.446352	0.240764	0.090904	0.044467	0.03062	0.022722	0.017329	0.013651	?	?	?	0.74093	6	Alyr_United_Kingdom_Storr_STORR1d-4
NON_ZERO_REGIONS	142155774	33.187699	24.695194	33	11	0	0.033474	0	0.003892	0.025845	0.139616	0.038332	0.241159	1	0.914686	0.864322	0.814813	0.754609	0.678132	0.577306	0.311401	0.117574	0.057513	0.039604	0.029389	0.022413	0.017656	2.074231	5.531283	16.593849	0.957513	14	Alyr_United_Kingdom_Storr_STORR1d-4
WHOLE_GENOME	183862724	20.475453	21.394966	21	14	0	0.033669	0	0.00409	0.025779	0.154178	0.034397	0.252113	0.767394	0.69551	0.647676	0.592816	0.519436	0.41775	0.292787	0.097137	0.039628	0.02524	0.017668	0.012957	0.009939	0.007906	?	?	?	0.732515	6	Alyr_United_Kingdom_Storr_STORR2a-1
NON_ZERO_REGIONS	141095091	26.681812	20.758026	26	9	0	0.033669	0	0.00409	0.025779	0.154178	0.034397	0.252113	1	0.906327	0.843995	0.772505	0.676884	0.544375	0.381534	0.126581	0.05164	0.03289	0.023023	0.016884	0.012951	0.010302	2.052447	5.336362	13.340906	0.953737	13	Alyr_United_Kingdom_Storr_STORR2a-1
WHOLE_GENOME	183862724	6.001121	7.705165	6	4	0	0.03073	0	0.003048	0.01515	0.123274	0.013157	0.18536	0.776248	0.586344	0.208264	0.038299	0.012362	0.006733	0.004346	0.002409	0.001714	0.001374	0.001163	0.001023	0.000917	0.000828	?	?	?	0.683986	5	Alyr_USA_Mayodan_MA605-3g
NON_ZERO_REGIONS	142723027	7.730934	7.94416	7	3	0	0.03073	0	0.003048	0.01515	0.123274	0.013157	0.18536	1	0.755357	0.268296	0.049339	0.015925	0.008673	0.005598	0.003104	0.002208	0.00177	0.001498	0.001318	0.001181	0.001067	1.932734	3.865467	7.730934	0.880601	9	Alyr_USA_Mayodan_MA605-3g
WHOLE_GENOME	183862724	19.174347	17.392833	20	10	0	0.030214	0	0.001733	0.015196	0.139441	0.025123	0.211708	0.809809	0.745744	0.695646	0.627117	0.519813	0.370059	0.21425	0.050009	0.021336	0.013429	0.00906	0.006533	0.004962	0.003943	19.174347	?	?	0.77878	7	Alyr_USA_Mayodan_MA611-1g
NON_ZERO_REGIONS	148893620	23.677628	16.338029	23	7	0	0.030214	0	0.001733	0.015196	0.139441	0.025123	0.211708	1	0.920889	0.859025	0.774401	0.641896	0.456971	0.264569	0.061754	0.026347	0.016584	0.011188	0.008067	0.006127	0.004869	1.821356	3.946271	11.838814	0.961282	14	Alyr_USA_Mayodan_MA611-1g
WHOLE_GENOME	183862724	30.827812	25.660597	33	16	0	0.030601	0	0.001502	0.015392	0.131368	0.032249	0.211112	0.823435	0.768392	0.736296	0.706434	0.66977	0.621144	0.556982	0.375877	0.177423	0.065202	0.031108	0.021183	0.015899	0.012185	15.413906	?	?	0.796946	7	Alyr_USA_Mayodan_MA622-1g
NON_ZERO_REGIONS	151398999	37.438064	23.49857	38	11	0	0.030601	0	0.001502	0.015392	0.131368	0.032249	0.211112	1	0.933155	0.894176	0.857911	0.813385	0.754333	0.676413	0.456475	0.215466	0.079183	0.037779	0.025725	0.019308	0.014798	1.782765	4.159785	12.479355	0.967439	15	Alyr_USA_Mayodan_MA622-1g
WHOLE_GENOME	183862724	23.528281	20.37968	25	12	0	0.030724	0	0.001824	0.015105	0.114605	0.029503	0.191762	0.813499	0.754393	0.717212	0.675536	0.614333	0.520945	0.392005	0.136679	0.039764	0.021958	0.015107	0.010794	0.008116	0.006385	23.528281	?	?	0.784909	7	Alyr_USA_Mayodan_MA625-1g
NON_ZERO_REGIONS	149572165	28.922319	18.829264	29	8	0	0.030724	0	0.001824	0.015105	0.114605	0.029503	0.191762	1	0.927343	0.881638	0.830407	0.755173	0.640376	0.481876	0.168014	0.04888	0.026992	0.018571	0.013268	0.009977	0.007849	1.701313	4.13176	9.640773	0.96444	14	Alyr_USA_Mayodan_MA625-1g
WHOLE_GENOME	183862724	22.130232	20.026198	23	12	0	0.031041	0	0.001581	0.014919	0.145345	0.024945	0.217832	0.813674	0.751636	0.706385	0.649875	0.569631	0.461933	0.333794	0.11712	0.037621	0.020521	0.014036	0.010198	0.007733	0.006111	22.130232	?	?	0.783825	7	Alyr_USA_Mayodan_MA629-1g
NON_ZERO_REGIONS	149604235	27.197925	18.84292	27	9	0	0.031041	0	0.001581	0.014919	0.145345	0.024945	0.217832	1	0.923756	0.868143	0.798692	0.700074	0.567713	0.410231	0.14394	0.046236	0.02522	0.017251	0.012533	0.009504	0.00751	1.942709	3.885418	9.065975	0.962924	14	Alyr_USA_Mayodan_MA629-1g
WHOLE_GENOME	183862724	7.991667	10.225583	7	6	0	0.036963	0	0.002556	0.015898	0.124985	0.013498	0.1939	0.780889	0.600531	0.364834	0.163665	0.056337	0.022122	0.012649	0.006436	0.003982	0.002791	0.002151	0.001767	0.001505	0.001324	?	?	?	0.696249	5	Alyr_USA_Mayodan_Ncm8-4
NON_ZERO_REGIONS	143576421	10.23406	10.533429	9	4	0	0.036963	0	0.002556	0.015898	0.124985	0.013498	0.1939	1	0.769035	0.467204	0.209588	0.072145	0.028329	0.016199	0.008242	0.0051	0.003574	0.002755	0.002262	0.001927	0.001695	2.558515	5.11703	10.23406	0.891022	10	Alyr_USA_Mayodan_Ncm8-4
