## METRICS CLASS	picard.analysis.CollectWgsMetricsWithNonZeroCoverage$WgsMetricsWithNonZeroCoverage
CATEGORY	GENOME_TERRITORY	MEAN_COVERAGE	SD_COVERAGE	MEDIAN_COVERAGE	MAD_COVERAGE	PCT_EXC_ADAPTER	PCT_EXC_MAPQ	PCT_EXC_DUPE	PCT_EXC_UNPAIRED	PCT_EXC_BASEQ	PCT_EXC_OVERLAP	PCT_EXC_CAPPED	PCT_EXC_TOTAL	PCT_1X	PCT_5X	PCT_10X	PCT_15X	PCT_20X	PCT_25X	PCT_30X	PCT_40X	PCT_50X	PCT_60X	PCT_70X	PCT_80X	PCT_90X	PCT_100X	HET_SNP_SENSITIVITY	HET_SNP_Q
WHOLE_GENOME	389016531	13.913761	17.875557	10	8	0	0.044674	0	0.003851	0.052857	0.073713	0.048637	0.223732	0.837357	0.683869	0.511515	0.362619	0.248556	0.167973	0.113203	0.052867	0.026943	0.015748	0.010519	0.007755	0.006088	0.004977	0.746089	6	Mtruncatula_HM001
NON_ZERO_REGIONS	325745832	16.616277	18.34923	12	7	0	0.044674	0	0.003851	0.052857	0.073713	0.048637	0.223732	1	0.816699	0.610868	0.433051	0.296833	0.200599	0.135191	0.063135	0.032177	0.018807	0.012562	0.009261	0.007271	0.005944	0.889922	10	Mtruncatula_HM001
WHOLE_GENOME	389016531	15.568669	17.592417	13	9	0	0.04441	0	0.003838	0.061103	0.036433	0.025307	0.171091	0.837266	0.738168	0.59265	0.446944	0.314105	0.206545	0.129881	0.051456	0.024609	0.014759	0.01023	0.007691	0.006071	0.004963	0.779196	7	Mtruncatula_HM002
NON_ZERO_REGIONS	325710128	18.594661	17.702549	16	8	0	0.04441	0	0.003838	0.061103	0.036433	0.025307	0.171091	1	0.881641	0.70784	0.533814	0.375156	0.246689	0.155125	0.061457	0.029393	0.017628	0.012218	0.009186	0.00725	0.005928	0.929296	12	Mtruncatula_HM002
WHOLE_GENOME	389016531	13.817854	14.837686	12	8	0	0.04372	0	0.005656	0.049797	0.0177	0.064435	0.181308	0.85062	0.741823	0.587053	0.419946	0.26429	0.145622	0.073917	0.023273	0.012398	0.008223	0.006003	0.004638	0.003731	0.003103	0.781508	7	Mtruncatula_HM003
NON_ZERO_REGIONS	330905093	16.244457	14.812178	14	7	0	0.04372	0	0.005656	0.049797	0.0177	0.064435	0.181308	1	0.872098	0.690147	0.493694	0.310703	0.171195	0.086897	0.02736	0.014575	0.009667	0.007057	0.005453	0.004386	0.003648	0.917655	11	Mtruncatula_HM003
WHOLE_GENOME	389016531	11.192985	14.911295	8	6	0	0.054258	0	0.005395	0.054333	0.027885	0.042166	0.184037	0.824164	0.655049	0.440817	0.276401	0.168192	0.101769	0.062416	0.026328	0.013722	0.008662	0.006233	0.004839	0.003944	0.003314	0.718714	6	Mtruncatula_HM004
NON_ZERO_REGIONS	320613341	13.58102	15.406255	10	6	0	0.054258	0	0.005395	0.054333	0.027885	0.042166	0.184037	1	0.794805	0.534866	0.335371	0.204076	0.123482	0.075733	0.031945	0.016649	0.01051	0.007563	0.005871	0.004785	0.004021	0.870678	9	Mtruncatula_HM004
WHOLE_GENOME	389016531	15.411307	21.024541	9	8	0	0.04874	0	0.004383	0.036319	0.032386	0.081748	0.203578	0.820422	0.654823	0.493917	0.371763	0.279327	0.209786	0.157407	0.088573	0.050301	0.029626	0.01863	0.012691	0.009307	0.007248	0.720194	6	Mtruncatula_HM005
NON_ZERO_REGIONS	319157776	18.784606	21.804108	13	9	0	0.04874	0	0.004383	0.036319	0.032386	0.081748	0.203578	1	0.798154	0.602028	0.453136	0.340468	0.255705	0.191861	0.10796	0.061311	0.036111	0.022708	0.015469	0.011344	0.008835	0.876847	9	Mtruncatula_HM005
WHOLE_GENOME	389016531	7.708014	12.046132	5	4	0	0.045603	0	0.002206	0.044808	0.201807	0.040004	0.334427	0.807573	0.517478	0.285587	0.155132	0.083414	0.045263	0.025794	0.011042	0.006582	0.00462	0.003509	0.002817	0.002342	0.002007	0.647399	5	Mtruncatula_HM006
NON_ZERO_REGIONS	314159098	9.54467	12.734028	7	4	0	0.045603	0	0.002206	0.044808	0.201807	0.040004	0.334427	1	0.640783	0.353636	0.192096	0.10329	0.056048	0.03194	0.013673	0.00815	0.005721	0.004345	0.003488	0.0029	0.002485	0.800128	7	Mtruncatula_HM006
WHOLE_GENOME	389016531	14.741478	16.795333	12	9	0	0.039776	0	0.00469	0.0641	0.034806	0.050134	0.193505	0.831481	0.717184	0.568938	0.421902	0.291891	0.190639	0.12001	0.046864	0.021241	0.012156	0.008234	0.006133	0.004828	0.003949	0.764541	6	Mtruncatula_HM007
NON_ZERO_REGIONS	323459734	17.729189	16.91994	15	8	0	0.039776	0	0.00469	0.0641	0.034806	0.050134	0.193505	1	0.862538	0.684247	0.507411	0.35105	0.229276	0.144333	0.056362	0.025546	0.014619	0.009903	0.007375	0.005807	0.00475	0.918039	11	Mtruncatula_HM007
WHOLE_GENOME	389016531	16.915294	20.616698	12	10	0	0.043743	0	0.004368	0.058388	0.011712	0.059795	0.178006	0.832008	0.727935	0.583534	0.446361	0.32714	0.233049	0.164308	0.083721	0.046138	0.027827	0.018251	0.012826	0.009564	0.00749	0.769151	6	Mtruncatula_HM008
NON_ZERO_REGIONS	323664790	20.330692	21.010309	16	9	0	0.043743	0	0.004368	0.058388	0.011712	0.059795	0.178006	1	0.874914	0.701357	0.536487	0.393194	0.280104	0.197483	0.100625	0.055454	0.033446	0.021936	0.015416	0.011495	0.009002	0.923271	11	Mtruncatula_HM008
WHOLE_GENOME	389016531	7.459722	13.681057	3	3	0	0.06042	0	0.003727	0.055362	0.041969	0.05713	0.218608	0.73623	0.434834	0.251935	0.153769	0.096529	0.062146	0.041124	0.019907	0.011204	0.007232	0.005175	0.003974	0.003207	0.002687	0.523051	3	Mtruncatula_HM009
NON_ZERO_REGIONS	286405447	10.132332	15.071489	6	4	0	0.06042	0	0.003727	0.055362	0.041969	0.05713	0.218608	1	0.590623	0.342196	0.20886	0.131112	0.084411	0.055857	0.027039	0.015219	0.009822	0.007029	0.005397	0.004356	0.00365	0.707711	5	Mtruncatula_HM009
WHOLE_GENOME	389016531	14.756983	16.407665	12	8	0	0.044623	0	0.004274	0.040863	0.028054	0.059772	0.177586	0.842803	0.747768	0.597251	0.429306	0.282732	0.17487	0.104739	0.039109	0.018681	0.011498	0.008127	0.00619	0.004946	0.004084	0.789192	7	Mtruncatula_HM010
NON_ZERO_REGIONS	327864256	17.509413	16.46908	15	7	0	0.044623	0	0.004274	0.040863	0.028054	0.059772	0.177586	1	0.887239	0.708648	0.509379	0.335466	0.207486	0.124275	0.046404	0.022165	0.013643	0.009643	0.007345	0.005868	0.004845	0.935368	12	Mtruncatula_HM010
WHOLE_GENOME	389016531	16.956856	21.167411	12	10	0	0.042849	0	0.004476	0.043465	0.013464	0.069365	0.173619	0.838634	0.717296	0.5643	0.42744	0.317921	0.235128	0.173503	0.094667	0.052643	0.030676	0.019295	0.013195	0.009724	0.007606	0.760654	6	Mtruncatula_HM011
NON_ZERO_REGIONS	326242555	20.21961	21.640263	15	9	0	0.042849	0	0.004476	0.043465	0.013464	0.069365	0.173619	1	0.855315	0.67288	0.509686	0.379094	0.28037	0.206888	0.112883	0.062772	0.036579	0.023008	0.015734	0.011595	0.009069	0.90602	10	Mtruncatula_HM011
WHOLE_GENOME	389016531	7.957387	15.200373	4	4	0	0.067965	0	0.006257	0.033871	0.005337	0.053327	0.166757	0.709306	0.453747	0.258245	0.155983	0.099882	0.067289	0.047351	0.026184	0.016273	0.011059	0.008043	0.00614	0.004876	0.004004	0.561334	4	Mtruncatula_HM012
NON_ZERO_REGIONS	275931911	11.218547	17.004622	7	4	0	0.067965	0	0.006257	0.033871	0.005337	0.053327	0.166757	1	0.639705	0.364081	0.219909	0.140817	0.094866	0.066756	0.036915	0.022942	0.015592	0.011339	0.008656	0.006875	0.005645	0.78959	7	Mtruncatula_HM012
WHOLE_GENOME	389016531	14.563171	17.12677	11	7	0	0.045158	0	0.002809	0.02963	0.122112	0.049636	0.249344	0.858346	0.749598	0.56856	0.3903	0.254485	0.163848	0.106614	0.048672	0.025258	0.015085	0.010096	0.007385	0.005751	0.00468	0.794813	7	Mtruncatula_HM013
NON_ZERO_REGIONS	333910848	16.966548	17.348118	13	7	0	0.045158	0	0.002809	0.02963	0.122112	0.049636	0.249344	1	0.873304	0.66239	0.454712	0.296483	0.190889	0.124209	0.056705	0.029427	0.017575	0.011762	0.008604	0.006701	0.005452	0.925394	11	Mtruncatula_HM013
WHOLE_GENOME	389016531	12.539216	14.854182	10	7	0	0.045581	0	0.00482	0.066327	0.015777	0.025849	0.158354	0.830411	0.696558	0.505829	0.338174	0.212779	0.12894	0.077356	0.030419	0.015166	0.009427	0.006689	0.0051	0.004051	0.00332	0.736757	6	Mtruncatula_HM014
NON_ZERO_REGIONS	323043525	15.100015	15.06784	12	6	0	0.045581	0	0.00482	0.066327	0.015777	0.025849	0.158354	1	0.838811	0.609131	0.407237	0.256233	0.155272	0.093154	0.036631	0.018263	0.011353	0.008055	0.006141	0.004878	0.003998	0.885594	9	Mtruncatula_HM014
WHOLE_GENOME	389016531	12.799722	15.126001	10	7	0	0.044401	0	0.003417	0.064423	0.074049	0.044824	0.231115	0.835967	0.716606	0.5245	0.347043	0.215075	0.128394	0.076092	0.029361	0.014573	0.009079	0.006455	0.004946	0.003973	0.003298	0.759672	6	Mtruncatula_HM015
NON_ZERO_REGIONS	325205109	15.31127	15.337374	12	6	0	0.044401	0	0.003417	0.064423	0.074049	0.044824	0.231115	1	0.857218	0.627416	0.41514	0.257277	0.153588	0.091023	0.035122	0.017432	0.01086	0.007721	0.005916	0.004752	0.003945	0.907357	10	Mtruncatula_HM015
WHOLE_GENOME	389016531	6.60065	11.771918	4	4	0	0.05872	0	0.004586	0.042013	0.052176	0.085557	0.243052	0.741333	0.464821	0.228212	0.112396	0.058468	0.032917	0.020241	0.009775	0.00601	0.004288	0.003338	0.002744	0.002339	0.002049	0.583372	4	Mtruncatula_HM016
NON_ZERO_REGIONS	288390986	8.903753	12.900563	6	3	0	0.05872	0	0.004586	0.042013	0.052176	0.085557	0.243052	1	0.627006	0.30784	0.151614	0.078868	0.044402	0.027304	0.013185	0.008107	0.005784	0.004503	0.003702	0.003155	0.002764	0.784645	7	Mtruncatula_HM016
WHOLE_GENOME	389016531	7.393601	12.923074	4	4	0	0.060321	0	0.007567	0.049451	0.032084	0.061066	0.21049	0.786763	0.478723	0.242968	0.133887	0.079784	0.050501	0.03352	0.016732	0.009699	0.006367	0.0046	0.003565	0.002903	0.002448	0.58491	4	Mtruncatula_HM026
NON_ZERO_REGIONS	306063915	9.397491	13.908197	6	4	0	0.060321	0	0.007567	0.049451	0.032084	0.061066	0.21049	1	0.608471	0.30882	0.170174	0.101408	0.064188	0.042605	0.021267	0.012327	0.008093	0.005847	0.004531	0.003689	0.003112	0.741786	6	Mtruncatula_HM026
WHOLE_GENOME	389016531	5.787111	10.83589	3	3	0	0.062021	0	0.007036	0.058558	0.050905	0.054541	0.233061	0.717946	0.413582	0.187488	0.089542	0.046983	0.02723	0.017244	0.008496	0.00511	0.003522	0.002676	0.002165	0.001825	0.001594	0.541587	3	Mtruncatula_HM027
NON_ZERO_REGIONS	279292710	8.060654	12.050681	5	3	0	0.062021	0	0.007036	0.058558	0.050905	0.054541	0.233061	1	0.576062	0.261145	0.12472	0.065441	0.037927	0.024019	0.011834	0.007118	0.004906	0.003727	0.003015	0.002543	0.002221	0.750185	6	Mtruncatula_HM027
WHOLE_GENOME	389016531	6.869282	12.43533	4	4	0	0.059678	0	0.005063	0.043888	0.032699	0.068269	0.209597	0.751676	0.463145	0.22928	0.117917	0.066001	0.040436	0.026701	0.013816	0.008409	0.005726	0.004232	0.003315	0.00273	0.002322	0.561054	4	Mtruncatula_HM028
NON_ZERO_REGIONS	292414297	9.138624	13.600917	6	4	0	0.059678	0	0.005063	0.043888	0.032699	0.068269	0.209597	1	0.61615	0.305025	0.156872	0.087806	0.053794	0.035522	0.01838	0.011187	0.007618	0.00563	0.00441	0.003631	0.003089	0.74454	6	Mtruncatula_HM028
WHOLE_GENOME	389016531	1.686685	4.294066	1	1	0	0.044724	0	0.016659	0.051759	0.128081	0.026121	0.267344	0.601135	0.083963	0.009207	0.003425	0.002072	0.001509	0.001211	0.000899	0.000728	0.000594	0.00048	0.000389	0.000316	0.000266	0.258397	1	Mtruncatula_HM031
NON_ZERO_REGIONS	233851471	2.805833	5.247238	2	1	0	0.044724	0	0.016659	0.051759	0.128081	0.026121	0.267344	1	0.139674	0.015317	0.005697	0.003446	0.00251	0.002015	0.001495	0.001212	0.000988	0.000798	0.000646	0.000526	0.000443	0.426221	2	Mtruncatula_HM031
WHOLE_GENOME	389016531	0.731526	2.908617	0	0	0	0.083461	0	0.006009	0.032386	0.002557	0.025303	0.149717	0.344484	0.023034	0.005806	0.002662	0.001544	0.001006	0.000721	0.000437	0.000307	0.00024	0.000197	0.00017	0.000147	0.000129	0.172129	1	Mtruncatula_HM032
NON_ZERO_REGIONS	134009865	2.123543	4.647864	1	0	0	0.083461	0	0.006009	0.032386	0.002557	0.025303	0.149717	1	0.066864	0.016854	0.007726	0.004482	0.00292	0.002093	0.001268	0.000892	0.000698	0.000573	0.000492	0.000427	0.000375	0.494682	3	Mtruncatula_HM032
WHOLE_GENOME	389016531	1.962788	5.17335	1	1	0	0.062452	0	0.006482	0.04493	0.010744	0.038475	0.163083	0.580859	0.115034	0.024124	0.009034	0.00478	0.003076	0.002231	0.001406	0.001009	0.000781	0.000633	0.000535	0.000459	0.000399	0.337137	2	Mtruncatula_HM033
NON_ZERO_REGIONS	225963678	3.379113	6.425721	2	1	0	0.062452	0	0.006482	0.04493	0.010744	0.038475	0.163083	1	0.198041	0.041532	0.015553	0.00823	0.005295	0.003841	0.00242	0.001737	0.001344	0.00109	0.00092	0.00079	0.000687	0.575464	4	Mtruncatula_HM033
WHOLE_GENOME	389016531	2.942593	7.209037	1	1	0	0.051896	0	0.004793	0.017763	0.051515	0.041296	0.167263	0.631132	0.211073	0.058336	0.020929	0.00993	0.005864	0.003992	0.002405	0.001745	0.001388	0.00117	0.001024	0.000918	0.000835	0.433412	2	Mtruncatula_HM034
NON_ZERO_REGIONS	245520962	4.662402	8.621249	3	2	0	0.051896	0	0.004793	0.017763	0.051515	0.041296	0.167263	1	0.334436	0.09243	0.033162	0.015733	0.009292	0.006325	0.003811	0.002766	0.0022	0.001853	0.001622	0.001454	0.001322	0.685056	5	Mtruncatula_HM034
WHOLE_GENOME	389016531	0.955652	3.515013	0	0	0	0.070875	0	0.006782	0.03211	0.000432	0.031479	0.141677	0.464914	0.022999	0.004862	0.002189	0.001288	0.00088	0.000657	0.000441	0.000348	0.0003	0.000269	0.000247	0.000229	0.000214	0.23006	1	Mtruncatula_HM035
NON_ZERO_REGIONS	180859120	2.055546	4.930986	1	0	0	0.070875	0	0.006782	0.03211	0.000432	0.031479	0.141677	1	0.04947	0.010457	0.004709	0.002771	0.001893	0.001412	0.000949	0.000748	0.000644	0.000578	0.000531	0.000493	0.000461	0.489922	3	Mtruncatula_HM035
WHOLE_GENOME	389016531	2.575936	5.078027	2	2	0	0.04278	0	0.006477	0.073322	0.033759	0.036508	0.192846	0.73158	0.173889	0.016044	0.004909	0.002838	0.001998	0.001561	0.001112	0.000863	0.000694	0.000568	0.000473	0.000407	0.00036	0.430656	2	Mtruncatula_HM036
NON_ZERO_REGIONS	284596680	3.521059	5.649749	3	1	0	0.04278	0	0.006477	0.073322	0.033759	0.036508	0.192846	1	0.23769	0.021931	0.00671	0.003879	0.002731	0.002133	0.00152	0.00118	0.000949	0.000776	0.000647	0.000557	0.000492	0.582654	4	Mtruncatula_HM036
WHOLE_GENOME	389016531	2.384269	6.716648	1	1	0	0.047774	0	0.005228	0.016939	0.055642	0.044371	0.169955	0.653514	0.153024	0.02319	0.007377	0.004056	0.002796	0.002148	0.001518	0.00122	0.001056	0.000946	0.000869	0.00081	0.000763	0.421098	2	Mtruncatula_HM037
NON_ZERO_REGIONS	254227652	3.648384	8.026208	3	2	0	0.047774	0	0.005228	0.016939	0.055642	0.044371	0.169955	1	0.234155	0.035485	0.011289	0.006206	0.004279	0.003287	0.002323	0.001867	0.001616	0.001447	0.001329	0.00124	0.001167	0.642724	4	Mtruncatula_HM037
WHOLE_GENOME	389016531	1.723625	4.723179	1	1	0	0.042745	0	0.004212	0.042783	0.117962	0.048267	0.25597	0.645045	0.074728	0.007091	0.002817	0.001799	0.001372	0.001146	0.000911	0.000785	0.000697	0.000622	0.000548	0.000474	0.000405	0.263867	1	Mtruncatula_HM038
NON_ZERO_REGIONS	250933201	2.6721	5.66126	2	1	0	0.042745	0	0.004212	0.042783	0.117962	0.048267	0.25597	1	0.115849	0.010993	0.004367	0.002789	0.002126	0.001777	0.001412	0.001217	0.00108	0.000965	0.000849	0.000735	0.000627	0.405534	2	Mtruncatula_HM038
WHOLE_GENOME	389016531	1.85317	5.518996	1	1	0	0.060392	0	0.007522	0.06957	0.015321	0.054462	0.207266	0.58317	0.103585	0.014561	0.004996	0.003017	0.002224	0.001796	0.001366	0.001134	0.00098	0.00087	0.000779	0.000702	0.000635	0.238249	1	Mtruncatula_HM039
NON_ZERO_REGIONS	226862936	3.17775	6.929745	2	1	0	0.060392	0	0.007522	0.06957	0.015321	0.054462	0.207266	1	0.177624	0.024968	0.008567	0.005174	0.003814	0.00308	0.002342	0.001945	0.001681	0.001491	0.001335	0.001204	0.001089	0.401023	2	Mtruncatula_HM039
WHOLE_GENOME	389016531	5.218846	8.208733	4	3	0	0.050337	0	0.00752	0.040887	0.027537	0.055358	0.181639	0.792358	0.461397	0.146643	0.041154	0.015599	0.008576	0.00579	0.00339	0.002376	0.001841	0.00151	0.001299	0.001152	0.001037	0.603023	4	Mtruncatula_HM040
NON_ZERO_REGIONS	308240541	6.586471	8.719725	5	3	0	0.050337	0	0.00752	0.040887	0.027537	0.055358	0.181639	1	0.582309	0.185072	0.051938	0.019687	0.010824	0.007307	0.004279	0.002999	0.002323	0.001905	0.00164	0.001454	0.001309	0.75907	6	Mtruncatula_HM040
WHOLE_GENOME	389016531	2.429041	5.627934	2	2	0	0.041976	0	0.00882	0.049195	0.059742	0.047809	0.207542	0.712486	0.156838	0.015925	0.004793	0.002748	0.001939	0.00153	0.001145	0.000965	0.00086	0.000788	0.000731	0.000683	0.00064	0.343719	2	Mtruncatula_HM041
NON_ZERO_REGIONS	277168767	3.409247	6.411969	3	1	0	0.041976	0	0.00882	0.049195	0.059742	0.047809	0.207542	1	0.220127	0.022351	0.006728	0.003857	0.002722	0.002147	0.001607	0.001354	0.001207	0.001106	0.001026	0.000958	0.000899	0.478356	3	Mtruncatula_HM041
WHOLE_GENOME	389016531	1.864789	4.754989	1	1	0	0.055762	0	0.006531	0.041967	0.002644	0.033794	0.140698	0.605182	0.102454	0.014381	0.005164	0.002944	0.002026	0.001554	0.001047	0.000785	0.000618	0.000507	0.000429	0.000371	0.000329	0.345177	2	Mtruncatula_HM042
NON_ZERO_REGIONS	235425746	3.08137	5.797568	2	1	0	0.055762	0	0.006531	0.041967	0.002644	0.033794	0.140698	1	0.169295	0.023764	0.008533	0.004864	0.003348	0.002568	0.001731	0.001297	0.001021	0.000838	0.000709	0.000613	0.000543	0.565775	4	Mtruncatula_HM042
WHOLE_GENOME	389016531	2.671428	6.643735	1	1	0	0.054516	0	0.006399	0.017769	0.013768	0.039461	0.131912	0.62112	0.195667	0.041433	0.012531	0.006088	0.003934	0.002913	0.001933	0.001478	0.001224	0.001061	0.000945	0.000853	0.000779	0.414092	2	Mtruncatula_HM043
NON_ZERO_REGIONS	241626084	4.300983	8.003448	3	2	0	0.054516	0	0.006399	0.017769	0.013768	0.039461	0.131912	1	0.315023	0.066707	0.020175	0.009802	0.006334	0.00469	0.003113	0.00238	0.001971	0.001708	0.001521	0.001373	0.001254	0.665031	5	Mtruncatula_HM043
WHOLE_GENOME	389016531	5.708757	8.649382	4	3	0	0.045161	0	0.006262	0.057631	0.007197	0.053541	0.169792	0.801265	0.497871	0.175221	0.05577	0.021384	0.010898	0.006893	0.003844	0.002635	0.002018	0.001641	0.001396	0.001229	0.001102	0.623007	4	Mtruncatula_HM044
NON_ZERO_REGIONS	311705359	7.12468	9.125739	6	3	0	0.045161	0	0.006262	0.057631	0.007197	0.053541	0.169792	1	0.621356	0.21868	0.069602	0.026688	0.013601	0.008602	0.004798	0.003289	0.002518	0.002049	0.001742	0.001533	0.001375	0.775321	6	Mtruncatula_HM044
WHOLE_GENOME	389016531	5.192649	8.218025	4	3	0	0.043115	0	0.006689	0.059923	0.006861	0.060652	0.177239	0.804769	0.483611	0.130608	0.030914	0.011971	0.006901	0.004734	0.002807	0.001983	0.001571	0.001329	0.001167	0.001055	0.000976	0.621547	4	Mtruncatula_HM045
NON_ZERO_REGIONS	313068312	6.45235	8.70584	5	2	0	0.043115	0	0.006689	0.059923	0.006861	0.060652	0.177239	1	0.600932	0.162292	0.038414	0.014875	0.008575	0.005882	0.003487	0.002465	0.001953	0.001652	0.001451	0.00131	0.001213	0.77012	6	Mtruncatula_HM045
WHOLE_GENOME	389016531	3.378557	7.909624	2	2	0	0.044651	0	0.004668	0.017049	0.042942	0.040426	0.149736	0.678609	0.252681	0.068975	0.023869	0.011298	0.006703	0.004611	0.002805	0.002034	0.001609	0.001341	0.001167	0.001043	0.000952	0.475659	3	Mtruncatula_HM046
NON_ZERO_REGIONS	263990092	4.97865	9.177442	3	2	0	0.044651	0	0.004668	0.017049	0.042942	0.040426	0.149736	1	0.372352	0.101642	0.035173	0.016649	0.009877	0.006795	0.004134	0.002997	0.002371	0.001976	0.001719	0.001537	0.001403	0.699626	5	Mtruncatula_HM046
WHOLE_GENOME	389016531	3.975999	7.195517	3	2	0	0.047609	0	0.006162	0.051936	0.011974	0.036273	0.153954	0.767702	0.332638	0.076101	0.021363	0.009369	0.005601	0.003945	0.002483	0.001825	0.001463	0.001233	0.001066	0.000942	0.000844	0.538988	3	Mtruncatula_HM047
NON_ZERO_REGIONS	298648624	5.179094	7.823761	4	2	0	0.047609	0	0.006162	0.051936	0.011974	0.036273	0.153954	1	0.433291	0.099129	0.027828	0.012204	0.007295	0.005139	0.003234	0.002377	0.001906	0.001606	0.001388	0.001227	0.001099	0.699142	5	Mtruncatula_HM047
WHOLE_GENOME	389016531	3.384619	6.587395	3	2	0	0.043031	0	0.006729	0.044875	0.009259	0.039051	0.142945	0.761317	0.277044	0.03898	0.009847	0.005095	0.003352	0.002492	0.001684	0.001326	0.001121	0.000988	0.000898	0.00083	0.000771	0.511434	3	Mtruncatula_HM048
NON_ZERO_REGIONS	296165061	4.44574	7.230546	4	2	0	0.043031	0	0.006729	0.044875	0.009259	0.039051	0.142945	1	0.3639	0.051201	0.012934	0.006693	0.004402	0.003274	0.002212	0.001741	0.001473	0.001298	0.00118	0.00109	0.001013	0.668754	5	Mtruncatula_HM048
WHOLE_GENOME	389016531	3.697033	7.229104	3	2	0	0.048215	0	0.006391	0.064281	0.020972	0.03733	0.177189	0.756603	0.308552	0.060195	0.015245	0.006923	0.004357	0.003155	0.002059	0.001567	0.001295	0.001123	0.001006	0.000922	0.000856	0.521821	3	Mtruncatula_HM049
NON_ZERO_REGIONS	294330959	4.88636	7.953639	4	2	0	0.048215	0	0.006391	0.064281	0.020972	0.03733	0.177189	1	0.407812	0.07956	0.020149	0.00915	0.005758	0.00417	0.002721	0.002071	0.001711	0.001484	0.001329	0.001218	0.001131	0.685873	5	Mtruncatula_HM049
WHOLE_GENOME	389016531	26.056253	26.466207	22	14	0	0.041469	0	0.004767	0.025469	0.006568	0.062278	0.140551	0.855477	0.796731	0.729273	0.645779	0.550545	0.450995	0.356517	0.208714	0.120201	0.07132	0.044545	0.029528	0.020855	0.015606	0.823833	8	Mtruncatula_HM050
NON_ZERO_REGIONS	332794794	30.458148	26.167174	26	12	0	0.041469	0	0.004767	0.025469	0.006568	0.062278	0.140551	1	0.93133	0.852475	0.754875	0.643553	0.527185	0.416747	0.243973	0.140508	0.083368	0.052071	0.034517	0.024378	0.018242	0.962507	14	Mtruncatula_HM050
WHOLE_GENOME	389016531	0.30952	2.345659	0	0	0	0.15103	0	0.006229	0.012956	0.00053	0.070996	0.24174	0.163488	0.006377	0.003212	0.002156	0.001417	0.000927	0.000654	0.000404	0.000264	0.000195	0.000151	0.000122	0.000102	0.000086	0.084812	0	Mtruncatula_HM051
NON_ZERO_REGIONS	63599437	1.89323	5.536811	1	0	0	0.15103	0	0.006229	0.012956	0.00053	0.070996	0.24174	1	0.039005	0.019646	0.013187	0.008668	0.005669	0.004001	0.002472	0.001615	0.001191	0.000921	0.000749	0.000625	0.000526	0.516591	3	Mtruncatula_HM051
WHOLE_GENOME	389016531	2.817216	6.192208	2	2	0	0.038321	0	0.00388	0.032302	0.034163	0.046326	0.154992	0.744803	0.198981	0.019244	0.005969	0.003337	0.002271	0.001744	0.001272	0.001058	0.000937	0.000859	0.000805	0.000759	0.000718	0.481068	3	Mtruncatula_HM052
NON_ZERO_REGIONS	289740682	3.782499	6.915934	3	1	0	0.038321	0	0.00388	0.032302	0.034163	0.046326	0.154992	1	0.267159	0.025838	0.008014	0.00448	0.003049	0.002342	0.001708	0.00142	0.001258	0.001153	0.00108	0.001019	0.000964	0.642983	4	Mtruncatula_HM052
WHOLE_GENOME	389016531	2.591192	6.076729	2	2	0	0.039248	0	0.003581	0.024314	0.056648	0.031064	0.154855	0.701926	0.177634	0.020374	0.006103	0.003389	0.00233	0.001792	0.001297	0.001076	0.000948	0.000859	0.000797	0.000746	0.000702	0.455915	3	Mtruncatula_HM053
NON_ZERO_REGIONS	273060930	3.691545	6.967465	3	1	0	0.039248	0	0.003581	0.024314	0.056648	0.031064	0.154855	1	0.253066	0.029026	0.008695	0.004827	0.00332	0.002553	0.001848	0.001533	0.00135	0.001224	0.001136	0.001062	0.001001	0.647111	5	Mtruncatula_HM053
WHOLE_GENOME	389016531	2.557615	6.361334	2	2	0	0.042038	0	0.003415	0.018938	0.061928	0.044493	0.170812	0.681764	0.172826	0.026038	0.007835	0.00422	0.002857	0.002166	0.001488	0.001173	0.001001	0.000896	0.00082	0.000763	0.000715	0.446348	3	Mtruncatula_HM054
NON_ZERO_REGIONS	265217474	3.751466	7.407901	3	2	0	0.042038	0	0.003415	0.018938	0.061928	0.044493	0.170812	1	0.253498	0.038192	0.011493	0.006191	0.004191	0.003177	0.002182	0.001721	0.001469	0.001314	0.001203	0.001118	0.001049	0.652948	5	Mtruncatula_HM054
WHOLE_GENOME	389016531	2.068686	5.057358	1	1	0	0.049468	0	0.004956	0.018874	0.034012	0.063954	0.171264	0.618499	0.129958	0.016913	0.005422	0.003085	0.002138	0.001628	0.001112	0.000849	0.000671	0.000543	0.000448	0.000383	0.000343	0.399711	2	Mtruncatula_HM055
NON_ZERO_REGIONS	240606160	3.34469	6.089772	2	1	0	0.049468	0	0.004956	0.018874	0.034012	0.063954	0.171264	1	0.210118	0.027345	0.008767	0.004987	0.003457	0.002632	0.001797	0.001373	0.001085	0.000879	0.000724	0.00062	0.000554	0.644134	4	Mtruncatula_HM055
WHOLE_GENOME	389016531	26.643781	20.894556	27	10	0	0.030976	0	0.002755	0.013636	0.011529	0.086489	0.145385	0.886211	0.850795	0.819139	0.766423	0.679728	0.557253	0.413693	0.168617	0.059124	0.028661	0.019179	0.01421	0.010977	0.00878	0.868002	9	Mtruncatula_HM056
NON_ZERO_REGIONS	344750606	30.064838	19.743	28	8	0	0.030976	0	0.002755	0.013636	0.011529	0.086489	0.145385	1	0.960037	0.924316	0.864831	0.767005	0.628804	0.466811	0.190267	0.066715	0.032341	0.021641	0.016035	0.012386	0.009908	0.979261	17	Mtruncatula_HM056
WHOLE_GENOME	389016531	3.227187	7.192611	2	2	0	0.032127	0	0.003334	0.032713	0.051679	0.068813	0.188666	0.756988	0.25921	0.0315	0.007216	0.003629	0.002389	0.001798	0.001279	0.001058	0.000944	0.000875	0.000829	0.000799	0.000774	0.513985	3	Mtruncatula_HM057
NON_ZERO_REGIONS	294480890	4.263194	7.995295	3	2	0	0.032127	0	0.003334	0.032713	0.051679	0.068813	0.188666	1	0.342423	0.041613	0.009533	0.004794	0.003156	0.002375	0.001689	0.001397	0.001247	0.001156	0.001096	0.001055	0.001022	0.67667	5	Mtruncatula_HM057
WHOLE_GENOME	389016531	1.836475	4.944382	1	1	0	0.044555	0	0.004387	0.0397	0.09088	0.048175	0.227697	0.66252	0.083548	0.007626	0.002992	0.001877	0.00142	0.001183	0.000941	0.000822	0.000747	0.000688	0.000632	0.000575	0.000516	0.272503	1	Mtruncatula_HM058
NON_ZERO_REGIONS	257731318	2.771953	5.857198	2	1	0	0.044555	0	0.004387	0.0397	0.09088	0.048175	0.227697	1	0.126107	0.011511	0.004515	0.002833	0.002144	0.001785	0.001421	0.001241	0.001127	0.001039	0.000954	0.000867	0.000778	0.407755	2	Mtruncatula_HM058
WHOLE_GENOME	389016531	3.238494	6.876268	2	2	0	0.036657	0	0.002565	0.018447	0.10053	0.044991	0.203191	0.738388	0.25744	0.040802	0.010355	0.005153	0.003335	0.002448	0.001631	0.001259	0.001063	0.000951	0.000878	0.000822	0.000777	0.523181	3	Mtruncatula_HM059
NON_ZERO_REGIONS	287245106	4.385898	7.68135	3	2	0	0.036657	0	0.002565	0.018447	0.10053	0.044991	0.203191	1	0.348652	0.055258	0.014024	0.006978	0.004516	0.003315	0.002208	0.001705	0.00144	0.001287	0.001189	0.001113	0.001052	0.707339	5	Mtruncatula_HM059
WHOLE_GENOME	389016531	2.991078	7.275025	2	2	0	0.037497	0	0.002811	0.015452	0.110687	0.044739	0.211187	0.721708	0.219982	0.034882	0.009638	0.004949	0.003277	0.00245	0.001661	0.001312	0.00112	0.001004	0.000925	0.000867	0.000823	0.500336	3	Mtruncatula_HM060
NON_ZERO_REGIONS	280756259	4.144444	8.279753	3	2	0	0.037497	0	0.002811	0.015452	0.110687	0.044739	0.211187	1	0.304808	0.048332	0.013354	0.006857	0.004541	0.003395	0.002301	0.001818	0.001551	0.001391	0.001282	0.001201	0.00114	0.692124	5	Mtruncatula_HM060
WHOLE_GENOME	389016531	2.859881	6.911006	2	2	0	0.039573	0	0.003788	0.01244	0.044383	0.050914	0.151099	0.71595	0.208899	0.027619	0.007892	0.004261	0.002857	0.002147	0.001478	0.001177	0.001019	0.00092	0.000851	0.000802	0.000764	0.482374	3	Mtruncatula_HM061
NON_ZERO_REGIONS	278516499	3.994525	7.885365	3	2	0	0.039573	0	0.003788	0.01244	0.044383	0.050914	0.151099	1	0.291779	0.038577	0.011023	0.005951	0.003991	0.002999	0.002064	0.001644	0.001423	0.001285	0.001189	0.00112	0.001068	0.672649	5	Mtruncatula_HM061
WHOLE_GENOME	389016531	1.287825	4.295275	1	1	0	0.057302	0	0.005598	0.065259	0.038616	0.037461	0.204237	0.504089	0.052957	0.00695	0.002853	0.001842	0.001408	0.001174	0.000913	0.000768	0.000657	0.000565	0.000483	0.000414	0.000352	0.167709	1	Mtruncatula_HM062
NON_ZERO_REGIONS	196099082	2.554755	5.776049	2	1	0	0.057302	0	0.005598	0.065259	0.038616	0.037461	0.204237	1	0.105055	0.013787	0.005661	0.003654	0.002793	0.00233	0.001812	0.001523	0.001304	0.001121	0.000958	0.000821	0.000699	0.326977	2	Mtruncatula_HM062
WHOLE_GENOME	389016531	0.93635	3.375228	0	0	0	0.055363	0	0.019398	0.034932	0.041294	0.02971	0.180696	0.454359	0.022839	0.002972	0.00152	0.001082	0.000881	0.000765	0.000614	0.000492	0.000383	0.000293	0.00023	0.000195	0.000174	0.121078	1	Mtruncatula_HM063
NON_ZERO_REGIONS	176753190	2.060816	4.770296	1	0	0	0.055363	0	0.019398	0.034932	0.041294	0.02971	0.180696	1	0.050267	0.006541	0.003345	0.002382	0.001938	0.001684	0.001351	0.001082	0.000844	0.000645	0.000506	0.000429	0.000383	0.263064	1	Mtruncatula_HM063
WHOLE_GENOME	389016531	1.599264	4.4398	1	1	0	0.050894	0	0.013289	0.05212	0.041686	0.02939	0.187378	0.577903	0.077188	0.009047	0.003308	0.002014	0.00148	0.001198	0.000921	0.000774	0.000675	0.000597	0.000523	0.000449	0.000386	0.216879	1	Mtruncatula_HM064
NON_ZERO_REGIONS	224813937	2.767356	5.556679	2	1	0	0.050894	0	0.013289	0.05212	0.041686	0.02939	0.187378	1	0.133566	0.015655	0.005725	0.003486	0.002561	0.002073	0.001593	0.00134	0.001168	0.001032	0.000904	0.000777	0.000667	0.370255	2	Mtruncatula_HM064
WHOLE_GENOME	389016531	5.032713	7.953989	4	3	0	0.050423	0	0.006125	0.05638	0.015455	0.056999	0.185383	0.810435	0.451029	0.126427	0.033936	0.013561	0.007664	0.005141	0.002955	0.00204	0.001576	0.001303	0.001124	0.001001	0.000912	0.606383	4	Mtruncatula_HM065
NON_ZERO_REGIONS	315272656	6.20989	8.411541	5	2	0	0.050423	0	0.006125	0.05638	0.015455	0.056999	0.185383	1	0.556527	0.155999	0.041874	0.016733	0.009456	0.006344	0.003646	0.002517	0.001944	0.001607	0.001387	0.001235	0.001125	0.745696	6	Mtruncatula_HM065
WHOLE_GENOME	389016531	1.819542	4.887352	1	1	0	0.04329	0	0.004908	0.014238	0.037703	0.050111	0.15025	0.614118	0.093443	0.009874	0.003645	0.002229	0.001638	0.001324	0.001001	0.000841	0.000743	0.00066	0.000588	0.000519	0.000457	0.390443	2	Mtruncatula_HM066
NON_ZERO_REGIONS	238902082	2.962854	5.958831	2	1	0	0.04329	0	0.004908	0.014238	0.037703	0.050111	0.15025	1	0.152159	0.016078	0.005935	0.00363	0.002668	0.002156	0.001629	0.001369	0.001209	0.001074	0.000957	0.000846	0.000744	0.634413	4	Mtruncatula_HM066
WHOLE_GENOME	389016531	1.324387	4.243422	1	1	0	0.05448	0	0.004991	0.015119	0.039347	0.045234	0.15917	0.514963	0.053916	0.006439	0.002767	0.001766	0.001323	0.001077	0.000784	0.000603	0.000473	0.000382	0.000325	0.00029	0.000268	0.311725	2	Mtruncatula_HM067
NON_ZERO_REGIONS	200329000	2.571811	5.635488	2	1	0	0.05448	0	0.004991	0.015119	0.039347	0.045234	0.15917	1	0.104698	0.012504	0.005372	0.003429	0.002569	0.002092	0.001523	0.00117	0.000919	0.000741	0.000631	0.000563	0.00052	0.603611	4	Mtruncatula_HM067
WHOLE_GENOME	389016531	0.429614	2.438319	0	0	0	0.097715	0	0.005729	0.009116	0.000241	0.034076	0.146876	0.243682	0.007872	0.003945	0.002146	0.001166	0.000746	0.000533	0.000318	0.000229	0.000183	0.000154	0.000134	0.000116	0.000102	0.128626	1	Mtruncatula_HM068
NON_ZERO_REGIONS	94796418	1.763008	4.695464	1	0	0	0.097715	0	0.005729	0.009116	0.000241	0.034076	0.146876	1	0.032306	0.01619	0.008807	0.004785	0.003061	0.002185	0.001304	0.000941	0.000753	0.000633	0.000548	0.000476	0.00042	0.526166	3	Mtruncatula_HM068
WHOLE_GENOME	389016531	1.816057	4.716642	1	1	0	0.046875	0	0.004619	0.013441	0.035892	0.052558	0.153385	0.659126	0.077856	0.00727	0.003039	0.001963	0.001497	0.00123	0.000935	0.000757	0.000618	0.000496	0.000413	0.00036	0.000327	0.412615	2	Mtruncatula_HM069
NON_ZERO_REGIONS	256410835	2.755251	5.582484	2	1	0	0.046875	0	0.004619	0.013441	0.035892	0.052558	0.153385	1	0.118121	0.01103	0.004611	0.002978	0.002271	0.001865	0.001419	0.001149	0.000937	0.000753	0.000627	0.000547	0.000497	0.624652	4	Mtruncatula_HM069
WHOLE_GENOME	389016531	2.805726	7.102843	2	2	0	0.036599	0	0.004206	0.017992	0.030266	0.072411	0.161474	0.717095	0.201111	0.023556	0.006874	0.003827	0.002584	0.001944	0.001357	0.001102	0.000968	0.000887	0.000835	0.000797	0.000769	0.473706	3	Mtruncatula_HM070
NON_ZERO_REGIONS	278961751	3.912629	8.125451	3	1	0	0.036599	0	0.004206	0.017992	0.030266	0.072411	0.161474	1	0.280453	0.032849	0.009585	0.005336	0.003603	0.002711	0.001892	0.001537	0.00135	0.001238	0.001165	0.001112	0.001073	0.659055	5	Mtruncatula_HM070
WHOLE_GENOME	389016531	1.160006	4.266925	0	0	0	0.058049	0	0.007901	0.059377	0.041001	0.031921	0.198248	0.476544	0.041902	0.005699	0.002533	0.001666	0.001279	0.001075	0.000848	0.000719	0.000631	0.000563	0.000502	0.000448	0.000396	0.150507	1	Mtruncatula_HM071
NON_ZERO_REGIONS	185383566	2.434205	5.924856	2	1	0	0.058049	0	0.007901	0.059377	0.041001	0.031921	0.198248	1	0.08793	0.011959	0.005316	0.003496	0.002684	0.002255	0.00178	0.00151	0.001323	0.001182	0.001054	0.00094	0.000832	0.310516	2	Mtruncatula_HM071
WHOLE_GENOME	389016531	2.572601	5.943247	2	2	0	0.049855	0	0.006938	0.020921	0.005437	0.06161	0.144762	0.716416	0.171423	0.01756	0.005641	0.003289	0.002327	0.001827	0.00134	0.001105	0.000967	0.000873	0.000802	0.000742	0.000685	0.453311	3	Mtruncatula_HM072
NON_ZERO_REGIONS	278697490	3.590935	6.756276	3	1	0	0.049855	0	0.006938	0.020921	0.005437	0.06161	0.144762	1	0.239279	0.024511	0.007874	0.004591	0.003248	0.00255	0.001871	0.001542	0.001349	0.001218	0.00112	0.001036	0.000956	0.630502	4	Mtruncatula_HM072
WHOLE_GENOME	389016531	0.396809	2.329091	0	0	0	0.100614	0	0.006284	0.008359	0.000188	0.0563	0.171745	0.23872	0.006347	0.003863	0.002285	0.001408	0.000939	0.000664	0.000383	0.000277	0.000225	0.000192	0.000163	0.000126	0.000093	0.123639	1	Mtruncatula_HM073
NON_ZERO_REGIONS	92865912	1.662238	4.540986	1	0	0	0.100614	0	0.006284	0.008359	0.000188	0.0563	0.171745	1	0.026587	0.016181	0.009571	0.005899	0.003932	0.002783	0.001606	0.001161	0.000945	0.000803	0.000681	0.000529	0.00039	0.516279	3	Mtruncatula_HM073
WHOLE_GENOME	389016531	1.576126	4.771191	1	1	0	0.053083	0	0.006639	0.020047	0.020676	0.058232	0.158678	0.569285	0.071361	0.007813	0.003221	0.002068	0.001558	0.001284	0.000984	0.000815	0.000696	0.000595	0.000512	0.000435	0.000377	0.34109	2	Mtruncatula_HM074
NON_ZERO_REGIONS	221461409	2.768605	6.056892	2	1	0	0.053083	0	0.006639	0.020047	0.020676	0.058232	0.158678	1	0.125352	0.013724	0.005658	0.003632	0.002737	0.002256	0.001728	0.001432	0.001222	0.001044	0.000899	0.000765	0.000662	0.596468	4	Mtruncatula_HM074
WHOLE_GENOME	389016531	4.34198	6.770305	3	3	0	0.044332	0	0.007518	0.067801	0.03461	0.031058	0.18532	0.781679	0.393942	0.092742	0.020767	0.008177	0.004823	0.003359	0.002059	0.001506	0.001212	0.001026	0.000898	0.000798	0.00072	0.5642	4	Mtruncatula_HM075
NON_ZERO_REGIONS	304086228	5.554682	7.204374	5	2	0	0.044332	0	0.007518	0.067801	0.03461	0.031058	0.18532	1	0.503969	0.118645	0.026567	0.010461	0.00617	0.004298	0.002634	0.001926	0.00155	0.001313	0.001149	0.001021	0.000921	0.718611	6	Mtruncatula_HM075
WHOLE_GENOME	389016531	2.90834	6.5214	2	2	0	0.050364	0	0.006174	0.018127	0.083215	0.051323	0.209203	0.715053	0.211672	0.035441	0.009987	0.005078	0.003384	0.002558	0.001768	0.001393	0.001167	0.001021	0.000909	0.000825	0.000758	0.488354	3	Mtruncatula_HM076
NON_ZERO_REGIONS	278167536	4.067306	7.400158	3	2	0	0.050364	0	0.006174	0.018127	0.083215	0.051323	0.209203	1	0.296023	0.049564	0.013967	0.007102	0.004732	0.003578	0.002472	0.001948	0.001632	0.001427	0.001272	0.001154	0.00106	0.681345	5	Mtruncatula_HM076
WHOLE_GENOME	389016531	4.023143	8.048467	3	2	0	0.045998	0	0.006753	0.01727	0.103222	0.059047	0.232291	0.769908	0.329549	0.081766	0.023026	0.00945	0.005431	0.003765	0.002351	0.00175	0.001435	0.001253	0.001129	0.001038	0.000968	0.573339	4	Mtruncatula_HM077
NON_ZERO_REGIONS	299506828	5.225488	8.823508	4	2	0	0.045998	0	0.006753	0.01727	0.103222	0.059047	0.232291	1	0.428037	0.106203	0.029908	0.012274	0.007054	0.00489	0.003054	0.002273	0.001864	0.001627	0.001467	0.001348	0.001257	0.743095	6	Mtruncatula_HM077
WHOLE_GENOME	389016531	2.964582	5.447543	2	2	0	0.04915	0	0.014762	0.091693	0.021109	0.041459	0.218173	0.747767	0.231684	0.023599	0.005722	0.003056	0.002094	0.001613	0.001154	0.000929	0.00078	0.00067	0.000582	0.000509	0.000449	0.463537	3	Mtruncatula_HM078
NON_ZERO_REGIONS	290893806	3.964578	5.976723	3	1	0	0.04915	0	0.014762	0.091693	0.021109	0.041459	0.218173	1	0.309834	0.031559	0.007652	0.004087	0.0028	0.002157	0.001544	0.001243	0.001043	0.000897	0.000778	0.00068	0.0006	0.614133	4	Mtruncatula_HM078
WHOLE_GENOME	389016531	3.044934	6.380258	2	2	0	0.047144	0	0.004514	0.022565	0.019774	0.039992	0.133988	0.698199	0.231645	0.048406	0.013444	0.006132	0.00389	0.002862	0.001899	0.001455	0.001184	0.001003	0.00087	0.000766	0.00068	0.476253	3	Mtruncatula_HM079
NON_ZERO_REGIONS	271610769	4.36113	7.250089	3	2	0	0.047144	0	0.004514	0.022565	0.019774	0.039992	0.133988	1	0.331776	0.06933	0.019255	0.008783	0.005572	0.004099	0.00272	0.002085	0.001696	0.001436	0.001245	0.001098	0.000975	0.68032	5	Mtruncatula_HM079
WHOLE_GENOME	389016531	2.926671	6.654113	2	2	0	0.043958	0	0.003449	0.023887	0.064383	0.02759	0.163267	0.709541	0.214314	0.03545	0.010386	0.005481	0.003652	0.002732	0.001834	0.001419	0.001187	0.00104	0.000936	0.000855	0.000792	0.483224	3	Mtruncatula_HM080
NON_ZERO_REGIONS	276023015	4.124741	7.580299	3	2	0	0.043958	0	0.003449	0.023887	0.064383	0.02759	0.163267	1	0.302046	0.049962	0.014638	0.007725	0.005147	0.003851	0.002585	0.001999	0.001673	0.001465	0.001319	0.001205	0.001116	0.679501	5	Mtruncatula_HM080
WHOLE_GENOME	389016531	3.028874	6.594209	2	2	0	0.048968	0	0.004515	0.027554	0.012291	0.032243	0.12557	0.699592	0.222576	0.049322	0.014982	0.006952	0.004311	0.003095	0.001987	0.001485	0.001207	0.00103	0.000907	0.000815	0.000742	0.469893	3	Mtruncatula_HM081
NON_ZERO_REGIONS	272153011	4.329484	7.518287	3	2	0	0.048968	0	0.004515	0.027554	0.012291	0.032243	0.12557	1	0.31815	0.070501	0.021415	0.009937	0.006163	0.004423	0.00284	0.002123	0.001725	0.001472	0.001296	0.001165	0.00106	0.66972	5	Mtruncatula_HM081
WHOLE_GENOME	389016531	4.54754	6.962097	4	3	0	0.042572	0	0.00483	0.058184	0.004088	0.04131	0.150984	0.7945	0.407496	0.100122	0.025867	0.010686	0.006268	0.004324	0.002584	0.001798	0.00136	0.001082	0.000893	0.000754	0.000648	0.587946	4	Mtruncatula_HM082
NON_ZERO_REGIONS	309073799	5.723773	7.367184	5	2	0	0.042572	0	0.00483	0.058184	0.004088	0.04131	0.150984	1	0.512896	0.126018	0.032558	0.01345	0.00789	0.005442	0.003252	0.002263	0.001712	0.001362	0.001124	0.000949	0.000815	0.737521	6	Mtruncatula_HM082
WHOLE_GENOME	389016531	3.579524	6.548942	2	2	0	0.043854	0	0.004487	0.027106	0.013417	0.030391	0.119255	0.74396	0.289463	0.064876	0.018281	0.008058	0.004812	0.00338	0.002111	0.001544	0.001219	0.001007	0.000859	0.000751	0.000665	0.523681	3	Mtruncatula_HM083
NON_ZERO_REGIONS	289412582	4.81145	7.191787	4	2	0	0.043854	0	0.004487	0.027106	0.013417	0.030391	0.119255	1	0.389084	0.087204	0.024573	0.010832	0.006469	0.004543	0.002838	0.002075	0.001638	0.001353	0.001155	0.00101	0.000894	0.702274	5	Mtruncatula_HM083
WHOLE_GENOME	389016531	0.819757	3.438167	0	0	0	0.046486	0	0.007691	0.016713	0.023248	0.03222	0.126358	0.441843	0.012412	0.001941	0.001045	0.00068	0.00049	0.000388	0.000307	0.000273	0.000253	0.000237	0.000225	0.000215	0.000206	0.238342	1	Mtruncatula_HM084
NON_ZERO_REGIONS	171884301	1.855312	4.983225	1	0	0	0.046486	0	0.007691	0.016713	0.023248	0.03222	0.126358	1	0.028092	0.004394	0.002365	0.001539	0.00111	0.000878	0.000694	0.000617	0.000572	0.000538	0.000509	0.000486	0.000467	0.536356	3	Mtruncatula_HM084
WHOLE_GENOME	389016531	3.354115	6.52593	2	2	0	0.043478	0	0.003373	0.015399	0.007256	0.035654	0.10516	0.734918	0.262348	0.054774	0.015755	0.007195	0.00443	0.003203	0.002057	0.001535	0.001232	0.001037	0.000899	0.000788	0.000698	0.512254	3	Mtruncatula_HM085
NON_ZERO_REGIONS	285895430	4.563928	7.240681	3	2	0	0.043478	0	0.003373	0.015399	0.007256	0.035654	0.10516	1	0.356975	0.074531	0.021437	0.00979	0.006028	0.004358	0.002798	0.002089	0.001676	0.001411	0.001223	0.001072	0.000949	0.696032	5	Mtruncatula_HM085
WHOLE_GENOME	389016531	3.733156	6.800869	3	2	0	0.043521	0	0.004774	0.026604	0.006245	0.034255	0.115399	0.764177	0.305607	0.066516	0.018439	0.008041	0.004772	0.003352	0.002105	0.001558	0.00126	0.00107	0.000936	0.000833	0.00075	0.541286	3	Mtruncatula_HM086
NON_ZERO_REGIONS	297277487	4.885198	7.409255	4	2	0	0.043521	0	0.004774	0.026604	0.006245	0.034255	0.115399	1	0.399917	0.087042	0.024129	0.010522	0.006244	0.004387	0.002755	0.002039	0.001649	0.0014	0.001224	0.00109	0.000982	0.706699	5	Mtruncatula_HM086
WHOLE_GENOME	389016531	3.220573	5.899987	2	2	0	0.046866	0	0.005346	0.021412	0.015239	0.031672	0.120535	0.744698	0.251873	0.044487	0.012087	0.005806	0.003726	0.002719	0.00175	0.0013	0.001036	0.000852	0.00072	0.000619	0.000536	0.511804	3	Mtruncatula_HM087
NON_ZERO_REGIONS	289699640	4.324673	6.478328	3	2	0	0.046866	0	0.005346	0.021412	0.015239	0.031672	0.120535	1	0.338221	0.059739	0.01623	0.007796	0.005003	0.003651	0.00235	0.001746	0.001391	0.001144	0.000967	0.000832	0.00072	0.685679	5	Mtruncatula_HM087
WHOLE_GENOME	389016531	3.810549	6.957622	3	2	0	0.043599	0	0.00425	0.014966	0.009483	0.053013	0.125312	0.769719	0.317001	0.06529	0.017453	0.00799	0.005023	0.003628	0.002316	0.001713	0.001386	0.001169	0.001019	0.000907	0.000816	0.548557	3	Mtruncatula_HM088
NON_ZERO_REGIONS	299433376	4.950573	7.5662	4	2	0	0.043599	0	0.00425	0.014966	0.009483	0.053013	0.125312	1	0.41184	0.084823	0.022675	0.01038	0.006526	0.004713	0.003009	0.002225	0.0018	0.001519	0.001323	0.001178	0.00106	0.711564	5	Mtruncatula_HM088
WHOLE_GENOME	389016531	1.186028	3.963376	1	1	0	0.039796	0	0.003587	0.020352	0.052439	0.039355	0.155529	0.525498	0.035092	0.003898	0.001809	0.001237	0.000984	0.000838	0.000654	0.000518	0.000414	0.000343	0.000292	0.000258	0.000236	0.300098	2	Mtruncatula_HM089
NON_ZERO_REGIONS	204427535	2.256959	5.241683	2	1	0	0.039796	0	0.003587	0.020352	0.052439	0.039355	0.155529	1	0.066779	0.007417	0.003443	0.002354	0.001872	0.001595	0.001244	0.000985	0.000788	0.000652	0.000555	0.000491	0.000449	0.568227	4	Mtruncatula_HM089
WHOLE_GENOME	389016531	2.058679	4.911737	1	1	0	0.040742	0	0.00578	0.023237	0.030736	0.057145	0.157639	0.71148	0.10162	0.008504	0.003147	0.001956	0.001466	0.001207	0.000947	0.000817	0.000728	0.000649	0.000568	0.000486	0.00041	0.438286	3	Mtruncatula_HM091
NON_ZERO_REGIONS	276777646	2.893514	5.611843	2	1	0	0.040742	0	0.00578	0.023237	0.030736	0.057145	0.157639	1	0.142829	0.011952	0.004423	0.002749	0.00206	0.001696	0.001331	0.001148	0.001023	0.000912	0.000798	0.000683	0.000576	0.613552	4	Mtruncatula_HM091
WHOLE_GENOME	389016531	3.137637	7.125736	2	2	0	0.031511	0	0.002256	0.013106	0.10983	0.047391	0.204094	0.769325	0.237068	0.029038	0.007476	0.003916	0.002609	0.001961	0.001368	0.001109	0.000971	0.00089	0.000837	0.0008	0.000772	0.537726	3	Mtruncatula_HM092
NON_ZERO_REGIONS	299280027	4.07843	7.884411	3	1	0	0.031511	0	0.002256	0.013106	0.10983	0.047391	0.204094	1	0.30815	0.037745	0.009718	0.00509	0.003391	0.002548	0.001778	0.001441	0.001263	0.001157	0.001088	0.001039	0.001003	0.697834	5	Mtruncatula_HM092
WHOLE_GENOME	389016531	4.179725	7.417173	3	2	0	0.033483	0	0.002579	0.014219	0.089212	0.031425	0.170918	0.790114	0.365863	0.078918	0.018816	0.008003	0.004848	0.003413	0.002117	0.001559	0.001259	0.001081	0.000966	0.000887	0.000828	0.595126	4	Mtruncatula_HM093
NON_ZERO_REGIONS	307367316	5.29003	7.984672	4	2	0	0.033483	0	0.002579	0.014219	0.089212	0.031425	0.170918	1	0.463051	0.099882	0.023815	0.010129	0.006136	0.004319	0.00268	0.001974	0.001594	0.001369	0.001223	0.001122	0.001047	0.752328	6	Mtruncatula_HM093
WHOLE_GENOME	389016531	1.979105	4.805062	1	1	0	0.043341	0	0.00692	0.016831	0.022684	0.042085	0.131862	0.637229	0.111653	0.011373	0.003884	0.002256	0.001595	0.00126	0.000931	0.000749	0.00061	0.000495	0.000406	0.000349	0.000315	0.407086	2	Mtruncatula_HM095
NON_ZERO_REGIONS	247892570	3.105799	5.721326	2	1	0	0.043341	0	0.00692	0.016831	0.022684	0.042085	0.131862	1	0.175216	0.017848	0.006095	0.00354	0.002504	0.001977	0.001461	0.001176	0.000957	0.000777	0.000637	0.000548	0.000494	0.636691	4	Mtruncatula_HM095
WHOLE_GENOME	389016531	0.986007	4.451782	0	0	0	0.049417	0	0.004631	0.017396	0.050918	0.082882	0.205244	0.464348	0.021895	0.003253	0.001766	0.001302	0.001086	0.000955	0.00081	0.000723	0.000644	0.000573	0.000504	0.000441	0.000385	0.258726	1	Mtruncatula_HM096
NON_ZERO_REGIONS	180639056	2.123423	6.345452	1	0	0	0.049417	0	0.004631	0.017396	0.050918	0.082882	0.205244	1	0.047152	0.007006	0.003804	0.002803	0.002338	0.002058	0.001744	0.001557	0.001386	0.001234	0.001085	0.00095	0.000829	0.554464	4	Mtruncatula_HM096
WHOLE_GENOME	389016531	2.173903	5.032196	1	1	0	0.048119	0	0.004232	0.015279	0.045944	0.066299	0.179873	0.667064	0.130007	0.015319	0.005049	0.002875	0.002003	0.00155	0.001089	0.000828	0.00065	0.00052	0.000432	0.000377	0.000339	0.437804	3	Mtruncatula_HM097
NON_ZERO_REGIONS	259499110	3.25891	5.867359	2	1	0	0.048119	0	0.004232	0.015279	0.045944	0.066299	0.179873	1	0.194894	0.022964	0.007568	0.00431	0.003002	0.002324	0.001633	0.001241	0.000974	0.000779	0.000647	0.000565	0.000509	0.655033	5	Mtruncatula_HM097
WHOLE_GENOME	389016531	1.429772	4.538494	1	1	0	0.041916	0	0.007821	0.016986	0.015581	0.061235	0.143538	0.585269	0.047293	0.004744	0.002144	0.001418	0.001111	0.000949	0.000784	0.000691	0.000625	0.000561	0.000499	0.000428	0.000362	0.341141	2	Mtruncatula_HM098
NON_ZERO_REGIONS	227679429	2.442931	5.72004	2	1	0	0.041916	0	0.007821	0.016986	0.015581	0.061235	0.143538	1	0.080805	0.008106	0.003664	0.002423	0.001898	0.001622	0.001339	0.001181	0.001069	0.000959	0.000852	0.000732	0.000618	0.580073	4	Mtruncatula_HM098
WHOLE_GENOME	389016531	2.606473	5.958829	1	1	0	0.05352	0	0.008002	0.020185	0.012049	0.044755	0.13851	0.666687	0.177701	0.03436	0.011147	0.005882	0.003921	0.002901	0.001889	0.001399	0.001119	0.000931	0.000787	0.000672	0.000576	0.445413	3	Mtruncatula_HM099
NON_ZERO_REGIONS	259352425	3.909587	6.940113	3	2	0	0.05352	0	0.008002	0.020185	0.012049	0.044755	0.13851	1	0.266543	0.051538	0.01672	0.008822	0.005881	0.004351	0.002833	0.002098	0.001679	0.001396	0.001181	0.001008	0.000864	0.665985	5	Mtruncatula_HM099
WHOLE_GENOME	389016531	3.631001	7.488836	2	2	0	0.051397	0	0.004816	0.017607	0.044029	0.062799	0.180647	0.7454	0.288299	0.065284	0.019023	0.0083	0.004906	0.003447	0.002178	0.001636	0.001339	0.001157	0.001035	0.000951	0.000886	0.529804	3	Mtruncatula_HM105
NON_ZERO_REGIONS	289972949	4.871211	8.318475	4	2	0	0.051397	0	0.004816	0.017607	0.044029	0.062799	0.180647	1	0.38677	0.087582	0.025521	0.011134	0.006582	0.004625	0.002922	0.002195	0.001797	0.001552	0.001388	0.001276	0.001189	0.709454	5	Mtruncatula_HM105
WHOLE_GENOME	389016531	4.94531	8.610251	4	3	0	0.043733	0	0.003938	0.029562	0.012824	0.049111	0.139169	0.780703	0.424817	0.132401	0.038891	0.015132	0.008217	0.005463	0.003222	0.002283	0.001793	0.001504	0.001317	0.001186	0.001083	0.59398	4	Mtruncatula_HM106
NON_ZERO_REGIONS	303706544	6.334428	9.282337	5	3	0	0.043733	0	0.003938	0.029562	0.012824	0.049111	0.139169	1	0.544146	0.169592	0.049816	0.019383	0.010525	0.006998	0.004127	0.002925	0.002297	0.001927	0.001687	0.001519	0.001388	0.759353	6	Mtruncatula_HM106
WHOLE_GENOME	389016531	4.872039	7.158733	4	3	0	0.0424	0	0.00402	0.060428	0.027299	0.028754	0.1629	0.791621	0.436339	0.125757	0.033692	0.012952	0.007191	0.004818	0.002785	0.001921	0.001459	0.001171	0.000978	0.000841	0.000735	0.604556	4	Mtruncatula_HM107
NON_ZERO_REGIONS	307953491	6.154513	7.539523	5	2	0	0.0424	0	0.00402	0.060428	0.027299	0.028754	0.1629	1	0.551197	0.15886	0.042561	0.016361	0.009084	0.006086	0.003517	0.002426	0.001843	0.001479	0.001236	0.001063	0.000929	0.761286	6	Mtruncatula_HM107
WHOLE_GENOME	389016531	4.286614	7.463045	3	3	0	0.043961	0	0.00359	0.019776	0.048496	0.034155	0.149977	0.781808	0.378893	0.084947	0.020591	0.009127	0.005644	0.003999	0.002499	0.001838	0.001473	0.001255	0.001107	0.001002	0.000918	0.587369	4	Mtruncatula_HM108
NON_ZERO_REGIONS	304136322	5.482948	8.042504	4	2	0	0.043961	0	0.00359	0.019776	0.048496	0.034155	0.149977	1	0.484637	0.108655	0.026338	0.011674	0.007219	0.005114	0.003196	0.002351	0.001884	0.001605	0.001417	0.001282	0.001174	0.750069	6	Mtruncatula_HM108
WHOLE_GENOME	389016531	3.399096	6.85148	2	2	0	0.044036	0	0.00413	0.012665	0.064641	0.035179	0.160651	0.735254	0.261478	0.058628	0.017691	0.00809	0.004902	0.003471	0.002188	0.001622	0.00131	0.001115	0.000979	0.000874	0.000792	0.520115	3	Mtruncatula_HM109
NON_ZERO_REGIONS	286026129	4.62302	7.628067	3	2	0	0.044036	0	0.00413	0.012665	0.064641	0.035179	0.160651	1	0.355629	0.079738	0.024062	0.011004	0.006666	0.00472	0.002975	0.002206	0.001781	0.001516	0.001332	0.001189	0.001077	0.706378	5	Mtruncatula_HM109
WHOLE_GENOME	389016531	2.951739	6.906596	2	2	0	0.045201	0	0.004151	0.019599	0.090983	0.060742	0.220676	0.711732	0.21254	0.041263	0.012194	0.005816	0.003684	0.002695	0.001798	0.001398	0.001181	0.001037	0.000936	0.000861	0.000798	0.485511	3	Mtruncatula_HM111
NON_ZERO_REGIONS	276875540	4.147261	7.878005	3	2	0	0.045201	0	0.004151	0.019599	0.090983	0.060742	0.220676	1	0.298623	0.057975	0.017133	0.008171	0.005177	0.003787	0.002526	0.001964	0.001659	0.001457	0.001315	0.001209	0.001121	0.680348	5	Mtruncatula_HM111
WHOLE_GENOME	389016531	2.540361	5.787241	2	2	0	0.040496	0	0.002955	0.030922	0.143678	0.027557	0.245609	0.693914	0.172761	0.023357	0.007056	0.003899	0.002661	0.00203	0.00142	0.001144	0.000981	0.000874	0.000791	0.000721	0.000658	0.465556	3	Mtruncatula_HM112
NON_ZERO_REGIONS	269944118	3.660914	6.645548	3	2	0	0.040496	0	0.002955	0.030922	0.143678	0.027557	0.245609	1	0.248965	0.03366	0.010169	0.005619	0.003834	0.002925	0.002047	0.001648	0.001413	0.00126	0.00114	0.001039	0.000948	0.668761	5	Mtruncatula_HM112
WHOLE_GENOME	389016531	3.721636	6.688962	3	2	0	0.04812	0	0.00517	0.043423	0.007066	0.051993	0.155773	0.76414	0.304071	0.065095	0.018618	0.008248	0.004904	0.003426	0.002142	0.001565	0.001245	0.001045	0.000896	0.000785	0.000697	0.532045	3	Mtruncatula_HM114
NON_ZERO_REGIONS	297262906	4.870362	7.277204	4	2	0	0.04812	0	0.00517	0.043423	0.007066	0.051993	0.155773	1	0.397926	0.085188	0.024365	0.010793	0.006418	0.004484	0.002803	0.002048	0.001629	0.001367	0.001173	0.001028	0.000912	0.693353	5	Mtruncatula_HM114
WHOLE_GENOME	389016531	1.576565	4.2289	1	1	0	0.044708	0	0.005173	0.01513	0.041322	0.031437	0.13777	0.616817	0.060755	0.006472	0.002764	0.001761	0.001318	0.001065	0.000766	0.000566	0.000424	0.000339	0.000292	0.000267	0.000252	0.377163	2	Mtruncatula_HM115
NON_ZERO_REGIONS	239951827	2.55597	5.146849	2	1	0	0.044708	0	0.005173	0.01513	0.041322	0.031437	0.13777	1	0.098498	0.010492	0.004481	0.002855	0.002136	0.001727	0.001242	0.000917	0.000688	0.00055	0.000473	0.000433	0.000408	0.609814	4	Mtruncatula_HM115
WHOLE_GENOME	389016531	1.891094	4.971897	1	1	0	0.048573	0	0.003437	0.009444	0.040082	0.054689	0.156225	0.666824	0.089595	0.009262	0.003353	0.002019	0.001486	0.001213	0.000952	0.000815	0.000724	0.000654	0.000589	0.000531	0.000475	0.409847	2	Mtruncatula_HM117
NON_ZERO_REGIONS	259405460	2.835974	5.864405	2	1	0	0.048573	0	0.003437	0.009444	0.040082	0.054689	0.156225	1	0.134361	0.01389	0.005028	0.003028	0.002228	0.001819	0.001427	0.001223	0.001086	0.00098	0.000884	0.000796	0.000712	0.613385	4	Mtruncatula_HM117
WHOLE_GENOME	389016531	2.60487	5.996893	2	2	0	0.046014	0	0.003405	0.01177	0.034369	0.048499	0.144057	0.734075	0.169219	0.021938	0.006327	0.003313	0.002243	0.001727	0.001236	0.001014	0.000894	0.000814	0.000754	0.000709	0.000665	0.477047	3	Mtruncatula_HM118
NON_ZERO_REGIONS	285567391	3.548506	6.755888	3	1	0	0.046014	0	0.003405	0.01177	0.034369	0.048499	0.144057	1	0.23052	0.029885	0.008619	0.004513	0.003056	0.002352	0.001684	0.001381	0.001218	0.001109	0.001028	0.000965	0.000906	0.648663	5	Mtruncatula_HM118
WHOLE_GENOME	389016531	3.109207	6.544994	2	2	0	0.041316	0	0.003546	0.013787	0.021507	0.048821	0.128978	0.69062	0.241415	0.052293	0.014723	0.00665	0.00407	0.002893	0.001846	0.001384	0.001128	0.000968	0.000858	0.000775	0.000706	0.47753	3	Mtruncatula_HM119
NON_ZERO_REGIONS	268662426	4.502055	7.467005	3	2	0	0.041316	0	0.003546	0.013787	0.021507	0.048821	0.128978	1	0.349563	0.075718	0.021318	0.009628	0.005893	0.004189	0.002673	0.002004	0.001633	0.001402	0.001243	0.001122	0.001022	0.690261	5	Mtruncatula_HM119
WHOLE_GENOME	389016531	1.890906	4.742053	1	1	0	0.039082	0	0.00444	0.017135	0.022413	0.049007	0.132077	0.646644	0.097436	0.009914	0.003506	0.00209	0.001497	0.001201	0.00092	0.000772	0.000671	0.000587	0.00051	0.000434	0.00037	0.402391	2	Mtruncatula_HM120
NON_ZERO_REGIONS	251555302	2.924183	5.635027	2	1	0	0.039082	0	0.00444	0.017135	0.022413	0.049007	0.132077	1	0.150679	0.015332	0.005422	0.003233	0.002315	0.001858	0.001423	0.001193	0.001038	0.000908	0.000789	0.000672	0.000573	0.619982	4	Mtruncatula_HM120
WHOLE_GENOME	389016531	1.604732	4.394694	1	1	0	0.043818	0	0.003831	0.021424	0.039273	0.049866	0.158212	0.618233	0.065155	0.00665	0.002643	0.001665	0.001249	0.001015	0.000741	0.00056	0.000436	0.000358	0.000313	0.000288	0.000271	0.368798	2	Mtruncatula_HM121
NON_ZERO_REGIONS	240502721	2.595676	5.354196	2	1	0	0.043818	0	0.003831	0.021424	0.039273	0.049866	0.158212	1	0.105389	0.010757	0.004274	0.002694	0.002021	0.001641	0.001199	0.000905	0.000705	0.000579	0.000506	0.000465	0.000438	0.593906	4	Mtruncatula_HM121
WHOLE_GENOME	389016531	1.724207	4.485424	1	1	0	0.038211	0	0.00319	0.01803	0.040702	0.049757	0.14989	0.622308	0.080198	0.007979	0.003066	0.001889	0.001391	0.001123	0.000825	0.000644	0.00051	0.000411	0.000341	0.000297	0.000272	0.384417	2	Mtruncatula_HM122
NON_ZERO_REGIONS	242088083	2.770665	5.424972	2	1	0	0.038211	0	0.00319	0.01803	0.040702	0.049757	0.14989	1	0.128872	0.012822	0.004926	0.003036	0.002236	0.001805	0.001326	0.001035	0.000819	0.00066	0.000548	0.000478	0.000437	0.615667	4	Mtruncatula_HM122
WHOLE_GENOME	389016531	1.554501	4.190089	1	1	0	0.035206	0	0.003231	0.020702	0.057103	0.045513	0.161755	0.635238	0.053711	0.004627	0.002018	0.001321	0.001022	0.000843	0.000603	0.00044	0.000343	0.000291	0.000267	0.000255	0.000246	0.377914	2	Mtruncatula_HM124
NON_ZERO_REGIONS	247118080	2.447116	5.045185	2	1	0	0.035206	0	0.003231	0.020702	0.057103	0.045513	0.161755	1	0.084553	0.007283	0.003176	0.002079	0.001609	0.001327	0.000949	0.000693	0.000539	0.000459	0.000421	0.000401	0.000388	0.592363	4	Mtruncatula_HM124
WHOLE_GENOME	389016531	3.601542	6.99643	3	2	0	0.039917	0	0.003867	0.041678	0.014457	0.077851	0.17777	0.778282	0.293395	0.05372	0.013686	0.006268	0.003908	0.002816	0.001824	0.001374	0.001138	0.000996	0.000903	0.000834	0.00078	0.535396	3	Mtruncatula_HM125
NON_ZERO_REGIONS	302764604	4.627553	7.625421	4	2	0	0.039917	0	0.003867	0.041678	0.014457	0.077851	0.17777	1	0.376978	0.069023	0.017585	0.008053	0.005021	0.003618	0.002343	0.001765	0.001462	0.00128	0.00116	0.001071	0.001002	0.685303	5	Mtruncatula_HM125
WHOLE_GENOME	389016531	3.108691	6.965802	2	2	0	0.037352	0	0.002142	0.024823	0.10808	0.042458	0.214855	0.715631	0.232842	0.044999	0.013058	0.006238	0.003958	0.002908	0.001927	0.001475	0.001217	0.001062	0.000951	0.000872	0.000815	0.498557	3	Mtruncatula_HM126
NON_ZERO_REGIONS	278392193	4.343987	7.901745	3	2	0	0.037352	0	0.002142	0.024823	0.10808	0.042458	0.214855	1	0.325366	0.062881	0.018247	0.008717	0.00553	0.004064	0.002693	0.002061	0.0017	0.001484	0.001329	0.001218	0.001139	0.695421	5	Mtruncatula_HM126
WHOLE_GENOME	389016531	1.056112	3.763929	1	1	0	0.042819	0	0.004284	0.008927	0.008005	0.03274	0.096775	0.500245	0.024989	0.00309	0.001585	0.00113	0.000913	0.000776	0.000591	0.000452	0.000356	0.000299	0.000266	0.000247	0.000232	0.289439	1	Mtruncatula_HM127
NON_ZERO_REGIONS	194603530	2.111189	5.10813	2	1	0	0.042819	0	0.004284	0.008927	0.008005	0.03274	0.096775	1	0.049953	0.006177	0.003169	0.002259	0.001825	0.001552	0.001181	0.000904	0.000711	0.000597	0.000532	0.000494	0.000464	0.577077	4	Mtruncatula_HM127
WHOLE_GENOME	389016531	1.088785	4.065369	1	1	0	0.043816	0	0.003152	0.007124	0.067309	0.039857	0.161258	0.502399	0.028254	0.00369	0.001807	0.001282	0.00105	0.000914	0.000758	0.000645	0.000552	0.00047	0.000402	0.000346	0.000301	0.295059	2	Mtruncatula_HM128
NON_ZERO_REGIONS	195441390	2.167173	5.528073	1	0	0	0.043816	0	0.003152	0.007124	0.067309	0.039857	0.161258	1	0.056238	0.007345	0.003596	0.002551	0.00209	0.001819	0.001508	0.001283	0.001099	0.000936	0.0008	0.000689	0.000599	0.586156	4	Mtruncatula_HM128
WHOLE_GENOME	389016531	2.378052	5.299862	2	2	0	0.039434	0	0.002717	0.009501	0.057144	0.047191	0.155987	0.687153	0.15177	0.020292	0.006277	0.003454	0.002374	0.001825	0.001279	0.001003	0.000831	0.000705	0.000603	0.000515	0.000442	0.451698	3	Mtruncatula_HM129
NON_ZERO_REGIONS	267313753	3.460732	6.093425	3	1	0	0.039434	0	0.002717	0.009501	0.057144	0.047191	0.155987	1	0.220868	0.02953	0.009134	0.005027	0.003455	0.002656	0.001861	0.00146	0.001209	0.001026	0.000878	0.00075	0.000643	0.656565	5	Mtruncatula_HM129
WHOLE_GENOME	389016531	3.199791	6.321866	2	2	0	0.041944	0	0.003612	0.014603	0.006906	0.052597	0.119661	0.747032	0.2454	0.042186	0.011664	0.005579	0.003559	0.002603	0.001705	0.001305	0.001091	0.000949	0.000847	0.000766	0.000697	0.511529	3	Mtruncatula_HM130
NON_ZERO_REGIONS	290607901	4.283337	6.989885	3	2	0	0.041944	0	0.003612	0.014603	0.006906	0.052597	0.119661	1	0.328499	0.056472	0.015614	0.007469	0.004765	0.003484	0.002283	0.001747	0.00146	0.001271	0.001134	0.001025	0.000933	0.683722	5	Mtruncatula_HM130
WHOLE_GENOME	389016531	3.844896	6.993836	3	2	0	0.042871	0	0.004703	0.049595	0.016059	0.038453	0.15168	0.767909	0.325613	0.065749	0.017033	0.007727	0.004825	0.003463	0.002194	0.001622	0.001298	0.001103	0.000972	0.000873	0.000795	0.541898	3	Mtruncatula_HM131
NON_ZERO_REGIONS	298729111	5.006971	7.607816	4	2	0	0.042871	0	0.004703	0.049595	0.016059	0.038453	0.15168	1	0.424026	0.085621	0.022182	0.010062	0.006284	0.004509	0.002858	0.002112	0.001691	0.001436	0.001265	0.001137	0.001036	0.702961	5	Mtruncatula_HM131
WHOLE_GENOME	389016531	3.80627	7.5348	3	2	0	0.044658	0	0.004432	0.042275	0.007138	0.056059	0.154561	0.762466	0.312621	0.066695	0.018248	0.00814	0.004991	0.003553	0.002232	0.001646	0.001336	0.001156	0.001038	0.000955	0.000887	0.533774	3	Mtruncatula_HM133
NON_ZERO_REGIONS	296611940	4.992051	8.278919	4	2	0	0.044658	0	0.004432	0.042275	0.007138	0.056059	0.154561	1	0.410013	0.087472	0.023933	0.010676	0.006546	0.00466	0.002927	0.002159	0.001752	0.001516	0.001362	0.001253	0.001164	0.697598	5	Mtruncatula_HM133
WHOLE_GENOME	389016531	3.677116	7.370665	3	2	0	0.042452	0	0.004218	0.045844	0.013634	0.05217	0.158317	0.763066	0.299185	0.0594	0.015899	0.007062	0.004343	0.003116	0.002011	0.001517	0.001253	0.001096	0.000987	0.000909	0.00085	0.529259	3	Mtruncatula_HM134
NON_ZERO_REGIONS	296845460	4.818867	8.10514	4	2	0	0.042452	0	0.004218	0.045844	0.013634	0.05217	0.158317	1	0.392083	0.077844	0.020836	0.009255	0.005691	0.004084	0.002635	0.001989	0.001642	0.001436	0.001294	0.001192	0.001115	0.690896	5	Mtruncatula_HM134
WHOLE_GENOME	389016531	3.826302	6.954076	3	2	0	0.042372	0	0.004504	0.048446	0.018281	0.043355	0.156958	0.768528	0.321898	0.065271	0.017273	0.00774	0.00477	0.003402	0.002136	0.001566	0.001258	0.001073	0.000946	0.000856	0.000783	0.541113	3	Mtruncatula_HM135
NON_ZERO_REGIONS	298970111	4.978741	7.56219	4	2	0	0.042372	0	0.004504	0.048446	0.018281	0.043355	0.156958	1	0.41885	0.08493	0.022475	0.010071	0.006207	0.004426	0.002779	0.002038	0.001636	0.001396	0.001232	0.001114	0.001019	0.701369	5	Mtruncatula_HM135
WHOLE_GENOME	389016531	3.44245	6.864649	2	2	0	0.043655	0	0.005036	0.048306	0.013135	0.053537	0.163669	0.750997	0.273867	0.051901	0.01436	0.006636	0.004136	0.002973	0.001904	0.001432	0.001176	0.001026	0.000923	0.000847	0.000782	0.509706	3	Mtruncatula_HM138
NON_ZERO_REGIONS	292150211	4.583841	7.58392	3	2	0	0.043655	0	0.005036	0.048306	0.013135	0.053537	0.163669	1	0.364671	0.069109	0.019121	0.008836	0.005507	0.003959	0.002535	0.001906	0.001566	0.001366	0.00123	0.001128	0.001042	0.675665	5	Mtruncatula_HM138
WHOLE_GENOME	389016531	1.880818	4.821008	1	1	0	0.040028	0	0.004371	0.017095	0.0154	0.049252	0.126145	0.66139	0.086807	0.009256	0.003743	0.002289	0.001654	0.001317	0.000981	0.000808	0.000691	0.000599	0.000519	0.000445	0.000385	0.407479	2	Mtruncatula_HM139
NON_ZERO_REGIONS	257291689	2.843735	5.692366	2	1	0	0.040028	0	0.004371	0.017095	0.0154	0.049252	0.126145	1	0.13125	0.013996	0.005659	0.003461	0.002501	0.001992	0.001483	0.001222	0.001044	0.000906	0.000785	0.000672	0.000583	0.614139	4	Mtruncatula_HM139
WHOLE_GENOME	389016531	3.145526	6.787442	2	2	0	0.044057	0	0.003362	0.010438	0.037531	0.058461	0.153848	0.73715	0.231869	0.042715	0.012607	0.006046	0.003826	0.002801	0.001862	0.001442	0.001208	0.001056	0.000948	0.000866	0.0008	0.508273	3	Mtruncatula_HM141
NON_ZERO_REGIONS	286763577	4.267145	7.596742	3	2	0	0.044057	0	0.003362	0.010438	0.037531	0.058461	0.153848	1	0.314548	0.057946	0.017102	0.008202	0.00519	0.0038	0.002526	0.001956	0.001638	0.001432	0.001286	0.001175	0.001085	0.688776	5	Mtruncatula_HM141
WHOLE_GENOME	389016531	2.12559	5.547376	1	1	0	0.047485	0	0.003391	0.006542	0.042419	0.071847	0.171685	0.677944	0.114054	0.012635	0.004361	0.002574	0.001876	0.001523	0.001165	0.000986	0.000875	0.000793	0.000727	0.000666	0.000608	0.432714	2	Mtruncatula_HM143
NON_ZERO_REGIONS	263731580	3.135346	6.498173	2	1	0	0.047485	0	0.003391	0.006542	0.042419	0.071847	0.171685	1	0.168235	0.018637	0.006433	0.003796	0.002768	0.002247	0.001719	0.001454	0.00129	0.001169	0.001072	0.000982	0.000897	0.637608	4	Mtruncatula_HM143
WHOLE_GENOME	389016531	1.536307	4.665873	1	1	0	0.038965	0	0.002217	0.00929	0.13004	0.051808	0.23232	0.574338	0.066432	0.008194	0.0031	0.00193	0.001448	0.00119	0.000907	0.000744	0.000627	0.000536	0.000464	0.000405	0.000359	0.358573	2	Mtruncatula_HM145
NON_ZERO_REGIONS	223427030	2.674918	5.90419	2	1	0	0.038965	0	0.002217	0.00929	0.13004	0.051808	0.23232	1	0.115667	0.014266	0.005398	0.00336	0.002521	0.002071	0.00158	0.001295	0.001092	0.000933	0.000807	0.000705	0.000625	0.623675	4	Mtruncatula_HM145
WHOLE_GENOME	389016531	7.498787	10.481903	6	4	0	0.042174	0	0.003663	0.026697	0.006178	0.066243	0.144954	0.820109	0.606603	0.285393	0.112442	0.047694	0.024214	0.014515	0.007295	0.004683	0.003382	0.002625	0.002145	0.001817	0.001583	0.68134	5	Mtruncatula_HM146
NON_ZERO_REGIONS	319036124	9.143643	10.905517	7	3	0	0.042174	0	0.003663	0.026697	0.006178	0.066243	0.144954	1	0.739661	0.347993	0.137107	0.058156	0.029526	0.017698	0.008895	0.00571	0.004124	0.003201	0.002615	0.002215	0.00193	0.83029	8	Mtruncatula_HM146
WHOLE_GENOME	389016531	3.992148	7.316146	3	2	0	0.040956	0	0.004237	0.038921	0.031497	0.04037	0.15598	0.765245	0.336086	0.078287	0.021127	0.008915	0.005254	0.003658	0.002246	0.001648	0.001326	0.001129	0.001003	0.000909	0.000839	0.555277	4	Mtruncatula_HM147
NON_ZERO_REGIONS	297693136	5.21682	7.972282	4	2	0	0.040956	0	0.004237	0.038921	0.031497	0.04037	0.15598	1	0.439188	0.102303	0.027608	0.011649	0.006866	0.00478	0.002935	0.002153	0.001733	0.001475	0.00131	0.001188	0.001096	0.72338	6	Mtruncatula_HM147
WHOLE_GENOME	389016531	3.700247	6.459135	3	2	0	0.040415	0	0.00363	0.054989	0.051937	0.040205	0.191176	0.773458	0.313226	0.056172	0.013866	0.006312	0.003918	0.002817	0.001807	0.001364	0.001113	0.000961	0.000851	0.000767	0.000694	0.548206	3	Mtruncatula_HM148
NON_ZERO_REGIONS	300888081	4.784028	6.982497	4	2	0	0.040415	0	0.00363	0.054989	0.051937	0.040205	0.191176	1	0.404968	0.072624	0.017927	0.00816	0.005066	0.003642	0.002336	0.001764	0.001439	0.001243	0.001101	0.000991	0.000898	0.706178	5	Mtruncatula_HM148
WHOLE_GENOME	389016531	3.822876	6.93742	3	2	0	0.03944	0	0.003397	0.056715	0.037509	0.050117	0.187179	0.764992	0.32485	0.06628	0.016473	0.007207	0.0044	0.003118	0.001963	0.001463	0.001203	0.001044	0.000934	0.000849	0.000781	0.546478	3	Mtruncatula_HM149
NON_ZERO_REGIONS	297594436	4.997278	7.552749	4	2	0	0.03944	0	0.003397	0.056715	0.037509	0.050117	0.187179	1	0.424645	0.086641	0.021534	0.009421	0.005752	0.004076	0.002566	0.001912	0.001573	0.001365	0.001221	0.00111	0.001021	0.711794	5	Mtruncatula_HM149
WHOLE_GENOME	389016531	7.243045	10.816333	5	4	0	0.042228	0	0.003181	0.019769	0.026194	0.070206	0.161578	0.814553	0.568463	0.266631	0.112372	0.050014	0.025452	0.014994	0.00727	0.004609	0.003346	0.00262	0.00216	0.00185	0.001632	0.660541	5	Mtruncatula_HM150
NON_ZERO_REGIONS	316874412	8.892054	11.3563	7	3	0	0.042228	0	0.003181	0.019769	0.026194	0.070206	0.161578	1	0.697884	0.327334	0.137955	0.0614	0.031246	0.018407	0.008926	0.005658	0.004108	0.003217	0.002652	0.002271	0.002003	0.810473	7	Mtruncatula_HM150
WHOLE_GENOME	389016531	3.830075	7.087845	3	2	0	0.038524	0	0.003427	0.038512	0.033797	0.050511	0.164771	0.770338	0.329153	0.061893	0.01474	0.006651	0.004145	0.002964	0.001894	0.001425	0.001176	0.001032	0.000932	0.000863	0.000809	0.554292	4	Mtruncatula_HM151
NON_ZERO_REGIONS	299674083	4.971943	7.716066	4	2	0	0.038524	0	0.003427	0.038512	0.033797	0.050511	0.164771	1	0.427285	0.080346	0.019134	0.008633	0.005381	0.003848	0.002459	0.00185	0.001526	0.00134	0.00121	0.001121	0.00105	0.717656	5	Mtruncatula_HM151
WHOLE_GENOME	389016531	3.991137	7.01348	3	2	0	0.037641	0	0.003131	0.042545	0.046792	0.050887	0.180996	0.774021	0.33984	0.076643	0.019838	0.008348	0.004904	0.003389	0.00206	0.001508	0.001229	0.001058	0.000939	0.000852	0.00078	0.561284	4	Mtruncatula_HM152
NON_ZERO_REGIONS	301106851	5.15637	7.58561	4	2	0	0.037641	0	0.003131	0.042545	0.046792	0.050887	0.180996	1	0.439058	0.09902	0.02563	0.010786	0.006335	0.004379	0.002662	0.001949	0.001588	0.001366	0.001213	0.001101	0.001008	0.723044	6	Mtruncatula_HM152
WHOLE_GENOME	389016531	3.8885	7.524626	2	2	0	0.04424	0	0.004513	0.048025	0.008607	0.037154	0.142539	0.737308	0.307002	0.086241	0.028432	0.012478	0.007057	0.004712	0.002773	0.001965	0.001533	0.00127	0.001098	0.00097	0.000869	0.51775	3	Mtruncatula_HM153
NON_ZERO_REGIONS	286824898	5.273917	8.335845	4	2	0	0.04424	0	0.004513	0.048025	0.008607	0.037154	0.142539	1	0.416383	0.116967	0.038562	0.016924	0.009572	0.00639	0.00376	0.002666	0.002079	0.001723	0.00149	0.001316	0.001178	0.69926	5	Mtruncatula_HM153
WHOLE_GENOME	389016531	3.795395	6.7838	3	2	0	0.042939	0	0.006628	0.036309	0.00595	0.046237	0.138064	0.778035	0.316279	0.062376	0.016795	0.007582	0.004592	0.003226	0.002005	0.001497	0.001224	0.001045	0.000918	0.000822	0.000743	0.550085	3	Mtruncatula_HM154
NON_ZERO_REGIONS	302668670	4.878177	7.339406	4	2	0	0.042939	0	0.006628	0.036309	0.00595	0.046237	0.138064	1	0.40651	0.080171	0.021587	0.009745	0.005902	0.004147	0.002577	0.001924	0.001574	0.001343	0.00118	0.001057	0.000954	0.70467	5	Mtruncatula_HM154
WHOLE_GENOME	389016531	6.045842	9.232498	5	3	0	0.043491	0	0.003445	0.026234	0.006484	0.055307	0.134961	0.816633	0.521118	0.187138	0.063061	0.026112	0.013783	0.008688	0.004689	0.003098	0.002307	0.001848	0.001558	0.001357	0.001214	0.630656	4	Mtruncatula_HM155
NON_ZERO_REGIONS	317683762	7.403376	9.712274	6	3	0	0.043491	0	0.003445	0.026234	0.006484	0.055307	0.134961	1	0.63813	0.229158	0.077221	0.031976	0.016878	0.010638	0.005741	0.003794	0.002825	0.002263	0.001908	0.001662	0.001487	0.771607	6	Mtruncatula_HM155
WHOLE_GENOME	389016531	7.449662	11.16746	6	4	0	0.043982	0	0.003521	0.016716	0.004753	0.05369	0.122662	0.812778	0.570786	0.267102	0.116869	0.057323	0.032218	0.020258	0.010128	0.006177	0.004291	0.003258	0.002612	0.002178	0.001873	0.657852	5	Mtruncatula_HM156
NON_ZERO_REGIONS	316184225	9.165675	11.73503	7	3	0	0.043982	0	0.003521	0.016716	0.004753	0.05369	0.122662	1	0.702265	0.328628	0.14379	0.070528	0.039639	0.024924	0.012462	0.007599	0.00528	0.004008	0.003214	0.00268	0.002304	0.808996	7	Mtruncatula_HM156
WHOLE_GENOME	389016531	6.176974	9.552945	5	4	0	0.043642	0	0.003798	0.034706	0.00884	0.054542	0.145529	0.803987	0.513494	0.2037	0.07379	0.030704	0.015836	0.009818	0.00527	0.003538	0.002648	0.002117	0.00177	0.001523	0.001344	0.62092	4	Mtruncatula_HM157
NON_ZERO_REGIONS	312764206	7.682929	10.096416	6	3	0	0.043642	0	0.003798	0.034706	0.00884	0.054542	0.145529	1	0.638685	0.253362	0.09178	0.038189	0.019696	0.012212	0.006554	0.004401	0.003293	0.002633	0.002201	0.001894	0.001672	0.771602	6	Mtruncatula_HM157
WHOLE_GENOME	389016531	6.768878	10.340329	5	4	0	0.044898	0	0.003136	0.017828	0.033308	0.057177	0.156346	0.811407	0.531113	0.233109	0.09792	0.046166	0.02512	0.015394	0.007536	0.004619	0.00324	0.002495	0.002036	0.001732	0.001515	0.639307	4	Mtruncatula_HM159
NON_ZERO_REGIONS	315650617	8.342152	10.892641	6	3	0	0.044898	0	0.003136	0.017828	0.033308	0.057177	0.156346	1	0.654558	0.28729	0.120679	0.056896	0.030959	0.018972	0.009287	0.005693	0.003994	0.003075	0.002509	0.002135	0.001867	0.787438	7	Mtruncatula_HM159
WHOLE_GENOME	389016531	7.123284	10.57128	5	4	0	0.041049	0	0.003177	0.016973	0.024229	0.061827	0.147256	0.809668	0.554503	0.263555	0.112694	0.05027	0.025273	0.014659	0.006985	0.004416	0.00319	0.002492	0.002051	0.001754	0.001542	0.650318	5	Mtruncatula_HM160
NON_ZERO_REGIONS	314974071	8.797789	11.103607	7	4	0	0.041049	0	0.003177	0.016973	0.024229	0.061827	0.147256	1	0.684853	0.32551	0.139186	0.062087	0.031214	0.018105	0.008628	0.005454	0.00394	0.003078	0.002533	0.002167	0.001904	0.802749	7	Mtruncatula_HM160
WHOLE_GENOME	389016531	6.509523	9.847084	5	4	0	0.042183	0	0.002701	0.017897	0.068527	0.039801	0.171109	0.817666	0.534175	0.217313	0.082943	0.036249	0.019119	0.011849	0.00622	0.004087	0.003016	0.002399	0.001994	0.001705	0.001496	0.648956	5	Mtruncatula_HM161
NON_ZERO_REGIONS	318085508	7.961105	10.345601	6	3	0	0.042183	0	0.002701	0.017897	0.068527	0.039801	0.171109	1	0.653293	0.265772	0.101439	0.044333	0.023382	0.014491	0.007607	0.004998	0.003688	0.002934	0.002438	0.002085	0.00183	0.793204	7	Mtruncatula_HM161
WHOLE_GENOME	389016531	5.812613	8.707084	5	3	0	0.042226	0	0.003214	0.021655	0.011531	0.05237	0.130997	0.806893	0.50064	0.175576	0.059831	0.025455	0.013583	0.008528	0.004544	0.003037	0.002282	0.001831	0.001534	0.001316	0.001148	0.61429	4	Mtruncatula_HM162
NON_ZERO_REGIONS	313894894	7.203693	9.161665	6	3	0	0.042226	0	0.003214	0.021655	0.011531	0.05237	0.130997	1	0.620454	0.217595	0.07415	0.031547	0.016834	0.010569	0.005632	0.003763	0.002828	0.002269	0.001901	0.001631	0.001422	0.76079	6	Mtruncatula_HM162
WHOLE_GENOME	389016531	7.455191	11.17951	5	4	0	0.042589	0	0.002827	0.021853	0.014929	0.051951	0.13415	0.817923	0.549103	0.279616	0.130716	0.061901	0.031891	0.018465	0.008665	0.005415	0.003911	0.003056	0.00251	0.002128	0.001847	0.649533	5	Mtruncatula_HM163
NON_ZERO_REGIONS	318185756	9.114779	11.733567	7	4	0	0.042589	0	0.002827	0.021853	0.014929	0.051951	0.13415	1	0.671337	0.341861	0.159814	0.075681	0.03899	0.022576	0.010594	0.00662	0.004781	0.003737	0.003069	0.002601	0.002259	0.793357	7	Mtruncatula_HM163
WHOLE_GENOME	389016531	6.895773	10.990982	4	4	0	0.044192	0	0.002527	0.017821	0.024069	0.038113	0.126722	0.789755	0.493738	0.246698	0.119836	0.060288	0.032762	0.019587	0.009196	0.005584	0.00394	0.003034	0.002475	0.002083	0.001798	0.607362	4	Mtruncatula_HM164
NON_ZERO_REGIONS	307227795	8.731534	11.701792	6	4	0	0.044192	0	0.002527	0.017821	0.024069	0.038113	0.126722	1	0.625179	0.312373	0.151739	0.076338	0.041484	0.024801	0.011644	0.00707	0.004989	0.003842	0.003133	0.002637	0.002277	0.768497	6	Mtruncatula_HM164
WHOLE_GENOME	389016531	7.231062	11.265376	5	4	0	0.044806	0	0.002857	0.018581	0.027268	0.046192	0.139704	0.814762	0.523509	0.2604	0.12461	0.062094	0.033681	0.020164	0.009486	0.005751	0.004052	0.003124	0.002544	0.002151	0.001868	0.635425	4	Mtruncatula_HM165
NON_ZERO_REGIONS	316955843	8.875061	11.881545	6	4	0	0.044806	0	0.002857	0.018581	0.027268	0.046192	0.139704	1	0.64253	0.319603	0.152941	0.076211	0.041338	0.024748	0.011643	0.007058	0.004973	0.003834	0.003123	0.00264	0.002293	0.779341	7	Mtruncatula_HM165
WHOLE_GENOME	389016531	5.90032	9.451154	4	3	0	0.042545	0	0.002751	0.021843	0.054404	0.042462	0.164005	0.786638	0.467115	0.193927	0.077571	0.034443	0.017966	0.010904	0.005565	0.003633	0.002686	0.002125	0.001765	0.00151	0.001318	0.595672	4	Mtruncatula_HM166
NON_ZERO_REGIONS	306015077	7.500682	10.077114	6	3	0	0.042545	0	0.002751	0.021843	0.054404	0.042462	0.164005	1	0.593813	0.246526	0.098611	0.043785	0.022839	0.013862	0.007075	0.004619	0.003415	0.002701	0.002244	0.001919	0.001675	0.756597	6	Mtruncatula_HM166
WHOLE_GENOME	389016531	5.921044	9.64224	4	3	0	0.041249	0	0.00264	0.020308	0.066006	0.044498	0.174701	0.785341	0.461506	0.194737	0.079967	0.03639	0.019342	0.011858	0.006043	0.003902	0.002858	0.002254	0.001869	0.001591	0.001382	0.594631	4	Mtruncatula_HM167
NON_ZERO_REGIONS	305510631	7.539456	10.304529	6	3	0	0.041249	0	0.00264	0.020308	0.066006	0.044498	0.174701	1	0.587651	0.247965	0.101825	0.046337	0.024629	0.0151	0.007695	0.004968	0.00364	0.00287	0.00238	0.002026	0.00176	0.756548	6	Mtruncatula_HM167
WHOLE_GENOME	389016531	6.531537	9.667279	5	4	0	0.039928	0	0.00265	0.01979	0.062462	0.039121	0.163952	0.809714	0.525032	0.226038	0.089789	0.0395	0.020606	0.012564	0.00633	0.004044	0.002942	0.002309	0.001899	0.001607	0.00139	0.639806	4	Mtruncatula_HM168
NON_ZERO_REGIONS	314992151	8.066474	10.150731	6	3	0	0.039928	0	0.00265	0.01979	0.062462	0.039121	0.163952	1	0.648417	0.279158	0.11089	0.048782	0.025448	0.015517	0.007818	0.004994	0.003634	0.002851	0.002345	0.001985	0.001717	0.789668	7	Mtruncatula_HM168
WHOLE_GENOME	389016531	6.429051	9.166156	5	4	0	0.040014	0	0.002703	0.042336	0.008696	0.036691	0.13044	0.816919	0.531601	0.220371	0.082897	0.034529	0.017396	0.010523	0.00544	0.003577	0.002621	0.002056	0.001684	0.00142	0.001232	0.634715	4	Mtruncatula_HM169
NON_ZERO_REGIONS	317794870	7.869879	9.566024	6	3	0	0.040014	0	0.002703	0.042336	0.008696	0.036691	0.13044	1	0.650739	0.269759	0.101475	0.042268	0.021294	0.012881	0.00666	0.004378	0.003208	0.002516	0.002061	0.001739	0.001508	0.776349	7	Mtruncatula_HM169
WHOLE_GENOME	389016531	6.135839	8.499554	5	3	0	0.039174	0	0.002476	0.038667	0.004548	0.036228	0.121093	0.837882	0.512145	0.20095	0.072918	0.029805	0.014963	0.009088	0.004776	0.003145	0.002293	0.001787	0.00145	0.001204	0.001022	0.630785	4	Mtruncatula_HM170
NON_ZERO_REGIONS	325949778	7.323039	8.804909	6	3	0	0.039174	0	0.002476	0.038667	0.004548	0.036228	0.121093	1	0.611238	0.239831	0.087027	0.035572	0.017858	0.010847	0.0057	0.003753	0.002737	0.002133	0.001731	0.001437	0.00122	0.751705	6	Mtruncatula_HM170
WHOLE_GENOME	389016531	5.462162	8.838107	4	3	0	0.043088	0	0.002952	0.03524	0.010628	0.049211	0.141119	0.804919	0.452405	0.159365	0.056769	0.024533	0.013066	0.008173	0.004351	0.002897	0.002151	0.001722	0.001448	0.001263	0.001123	0.585018	4	Mtruncatula_HM172
NON_ZERO_REGIONS	313126923	6.785974	9.384033	5	3	0	0.043088	0	0.002952	0.03524	0.010628	0.049211	0.141119	1	0.56205	0.197988	0.070527	0.030479	0.016232	0.010154	0.005406	0.0036	0.002673	0.00214	0.001799	0.001569	0.001396	0.725815	6	Mtruncatula_HM172
WHOLE_GENOME	389016531	5.882642	8.872178	4	3	0	0.042802	0	0.003027	0.035391	0.015043	0.054614	0.150876	0.814369	0.490503	0.184513	0.066195	0.028087	0.014772	0.009178	0.004845	0.003211	0.002368	0.001868	0.001554	0.001337	0.001169	0.611768	4	Mtruncatula_HM173
NON_ZERO_REGIONS	316803151	7.223554	9.325885	6	3	0	0.042802	0	0.003027	0.035391	0.015043	0.054614	0.150876	1	0.602311	0.226572	0.081283	0.034489	0.01814	0.01127	0.00595	0.003943	0.002908	0.002293	0.001908	0.001642	0.001436	0.750312	6	Mtruncatula_HM173
WHOLE_GENOME	389016531	5.294977	8.425685	4	3	0	0.039104	0	0.002334	0.025999	0.072678	0.046338	0.186453	0.803702	0.447857	0.150093	0.049983	0.02076	0.010974	0.006928	0.003791	0.002584	0.001972	0.001603	0.001361	0.001187	0.001058	0.594735	4	Mtruncatula_HM175
NON_ZERO_REGIONS	312653197	6.588237	8.933711	5	3	0	0.039104	0	0.002334	0.025999	0.072678	0.046338	0.186453	1	0.557243	0.186753	0.062191	0.025831	0.013655	0.00862	0.004717	0.003216	0.002453	0.001994	0.001693	0.001478	0.001316	0.739301	6	Mtruncatula_HM175
WHOLE_GENOME	389016531	5.509574	8.900763	4	3	0	0.044472	0	0.003373	0.021866	0.004677	0.053639	0.128027	0.792748	0.447559	0.168346	0.062616	0.027549	0.01465	0.00904	0.004654	0.003033	0.002235	0.001779	0.00149	0.001287	0.001135	0.576896	4	Mtruncatula_HM176
NON_ZERO_REGIONS	308392017	6.94997	9.482863	5	3	0	0.044472	0	0.003373	0.021866	0.004677	0.053639	0.128027	1	0.564566	0.212357	0.078986	0.034751	0.01848	0.011403	0.005871	0.003826	0.002819	0.002244	0.00188	0.001623	0.001432	0.727057	6	Mtruncatula_HM176
WHOLE_GENOME	389016531	5.381964	8.206399	4	3	0	0.042217	0	0.00323	0.057936	0.023886	0.041604	0.168874	0.812316	0.476567	0.144658	0.044506	0.018833	0.010294	0.006606	0.003621	0.00245	0.001852	0.001505	0.001277	0.001119	0.001002	0.605543	4	Mtruncatula_HM177
NON_ZERO_REGIONS	316004455	6.625454	8.64096	5	2	0	0.042217	0	0.00323	0.057936	0.023886	0.041604	0.168874	1	0.586677	0.178081	0.054789	0.023184	0.012672	0.008132	0.004457	0.003016	0.00228	0.001853	0.001572	0.001378	0.001234	0.744206	6	Mtruncatula_HM177
WHOLE_GENOME	389016531	5.117657	7.9406	4	3	0	0.039387	0	0.002499	0.069359	0.073191	0.038986	0.223423	0.806607	0.445122	0.137937	0.041224	0.016287	0.008715	0.005692	0.003228	0.00223	0.001724	0.001413	0.001207	0.001065	0.000956	0.59453	4	Mtruncatula_HM178
NON_ZERO_REGIONS	313783413	6.344674	8.389625	5	2	0	0.039387	0	0.002499	0.069359	0.073191	0.038986	0.223423	1	0.551845	0.171009	0.051107	0.020192	0.010805	0.007057	0.004001	0.002764	0.002137	0.001751	0.001497	0.001321	0.001186	0.735509	6	Mtruncatula_HM178
WHOLE_GENOME	389016531	5.029916	7.867326	4	3	0	0.043432	0	0.003095	0.054184	0.03622	0.050506	0.187437	0.802541	0.432249	0.135018	0.041234	0.016437	0.008877	0.005816	0.003308	0.002271	0.001736	0.001413	0.001198	0.001044	0.000925	0.578791	4	Mtruncatula_HM179
NON_ZERO_REGIONS	312201798	6.267486	8.32869	5	2	0	0.043432	0	0.003095	0.054184	0.03622	0.050506	0.187437	1	0.538601	0.168238	0.051379	0.020481	0.011061	0.007247	0.004121	0.00283	0.002163	0.00176	0.001492	0.0013	0.001152	0.719724	6	Mtruncatula_HM179
WHOLE_GENOME	389016531	6.522144	9.412901	5	4	0	0.038767	0	0.002883	0.029807	0.005086	0.0612	0.137744	0.819806	0.539538	0.221566	0.083569	0.035959	0.01871	0.011407	0.00582	0.003749	0.00273	0.002132	0.001747	0.001483	0.001291	0.642104	4	Mtruncatula_HM180
NON_ZERO_REGIONS	318917968	7.955719	9.832221	6	3	0	0.038767	0	0.002883	0.029807	0.005086	0.0612	0.137744	1	0.658129	0.270267	0.101938	0.043863	0.022822	0.013915	0.007099	0.004572	0.00333	0.002601	0.002131	0.001809	0.001574	0.782688	7	Mtruncatula_HM180
WHOLE_GENOME	389016531	7.060357	9.938231	5	4	0	0.035203	0	0.002281	0.035451	0.012076	0.050633	0.135643	0.831861	0.560454	0.255229	0.106214	0.046995	0.023788	0.013947	0.006704	0.004199	0.003018	0.002339	0.001905	0.001611	0.001395	0.660558	5	Mtruncatula_HM181
NON_ZERO_REGIONS	323607617	8.487425	10.325686	7	3	0	0.035203	0	0.002281	0.035451	0.012076	0.050633	0.135643	1	0.673735	0.306817	0.127683	0.056494	0.028596	0.016766	0.00806	0.005048	0.003628	0.002812	0.00229	0.001937	0.001677	0.793454	7	Mtruncatula_HM181
WHOLE_GENOME	389016531	3.546686	5.671255	3	2	0	0.043551	0	0.004541	0.03676	0.018481	0.052095	0.155428	0.770545	0.315004	0.043653	0.009622	0.004736	0.003003	0.002154	0.001364	0.001005	0.000782	0.000622	0.00051	0.000436	0.000388	0.494133	3	Mtruncatula_HM182
NON_ZERO_REGIONS	299754835	4.602827	6.072851	4	2	0	0.043551	0	0.004541	0.03676	0.018481	0.052095	0.155428	1	0.408806	0.056652	0.012487	0.006146	0.003898	0.002796	0.001771	0.001305	0.001015	0.000807	0.000662	0.000566	0.000503	0.639844	4	Mtruncatula_HM182
WHOLE_GENOME	389016531	4.948028	7.960169	4	3	0	0.042333	0	0.003421	0.064163	0.056427	0.03553	0.201873	0.794528	0.423843	0.129646	0.040085	0.016472	0.009038	0.005973	0.003469	0.002419	0.001855	0.001499	0.001263	0.001094	0.000965	0.57416	4	Mtruncatula_HM183
NON_ZERO_REGIONS	309084416	6.227635	8.472424	5	2	0	0.042333	0	0.003421	0.064163	0.056427	0.03553	0.201873	1	0.533453	0.163174	0.050451	0.020732	0.011375	0.007518	0.004366	0.003044	0.002335	0.001887	0.001589	0.001377	0.001215	0.721233	6	Mtruncatula_HM183
WHOLE_GENOME	389016531	3.945389	6.525617	3	2	0	0.03532	0	0.002112	0.06032	0.15074	0.031701	0.280193	0.775911	0.339381	0.073736	0.018444	0.00791	0.004782	0.003357	0.002069	0.001486	0.001177	0.000988	0.000852	0.000743	0.000657	0.543487	3	Mtruncatula_HM184
NON_ZERO_REGIONS	301842014	5.084851	7.006298	4	2	0	0.03532	0	0.002112	0.06032	0.15074	0.031701	0.280193	1	0.437397	0.095032	0.023771	0.010194	0.006163	0.004327	0.002666	0.001916	0.001517	0.001273	0.001098	0.000958	0.000847	0.698984	5	Mtruncatula_HM184
WHOLE_GENOME	389016531	5.645868	8.925543	4	3	0	0.047862	0	0.004052	0.056802	0.00456	0.038243	0.151518	0.788513	0.456584	0.177838	0.067316	0.029305	0.015512	0.009689	0.00515	0.003401	0.002504	0.001964	0.001608	0.001353	0.001165	0.578765	4	Mtruncatula_HM185
NON_ZERO_REGIONS	306744403	7.16015	9.496838	5	3	0	0.047862	0	0.004052	0.056802	0.00456	0.038243	0.151518	1	0.579045	0.225537	0.085371	0.037165	0.019672	0.012288	0.006531	0.004313	0.003175	0.002491	0.00204	0.001716	0.001478	0.732817	6	Mtruncatula_HM185
WHOLE_GENOME	389016531	6.456674	9.130362	5	4	0	0.04179	0	0.003422	0.047922	0.004616	0.044075	0.141825	0.807664	0.540737	0.223431	0.082356	0.033988	0.017079	0.010289	0.00526	0.003435	0.002522	0.001977	0.001623	0.001373	0.001194	0.636811	4	Mtruncatula_HM186
NON_ZERO_REGIONS	314194825	7.994253	9.535393	6	3	0	0.04179	0	0.003422	0.047922	0.004616	0.044075	0.141825	1	0.669506	0.276638	0.101968	0.042082	0.021147	0.012739	0.006513	0.004254	0.003122	0.002448	0.00201	0.0017	0.001479	0.787697	7	Mtruncatula_HM186
WHOLE_GENOME	389016531	6.104205	9.638558	4	3	0	0.041713	0	0.003656	0.044605	0.004075	0.050802	0.14485	0.797523	0.492203	0.203492	0.078485	0.033603	0.017234	0.01046	0.005425	0.003554	0.00262	0.002083	0.001731	0.001496	0.001324	0.604174	4	Mtruncatula_HM187
NON_ZERO_REGIONS	310249518	7.653958	10.228697	6	3	0	0.041713	0	0.003656	0.044605	0.004075	0.050802	0.14485	1	0.617165	0.255155	0.098411	0.042134	0.02161	0.013116	0.006803	0.004456	0.003286	0.002611	0.00217	0.001875	0.00166	0.756629	6	Mtruncatula_HM187
WHOLE_GENOME	389016531	4.927908	8.655453	3	3	0	0.047821	0	0.004094	0.046449	0.017706	0.043568	0.159639	0.762016	0.398328	0.14195	0.050371	0.021356	0.011402	0.007312	0.004059	0.002765	0.002098	0.001695	0.00143	0.001246	0.001109	0.53648	3	Mtruncatula_HM188
NON_ZERO_REGIONS	296436720	6.466938	9.400067	5	3	0	0.047821	0	0.004094	0.046449	0.017706	0.043568	0.159639	1	0.52273	0.186282	0.066102	0.028025	0.014963	0.009595	0.005326	0.003628	0.002754	0.002224	0.001876	0.001636	0.001455	0.702675	5	Mtruncatula_HM188
WHOLE_GENOME	389016531	4.302709	6.422651	4	2	0	0.03811	0	0.00486	0.039213	0.009277	0.082515	0.173976	0.81875	0.411891	0.064168	0.012427	0.005778	0.003565	0.002509	0.00156	0.001179	0.000985	0.000864	0.000782	0.000719	0.000668	0.569838	4	Mtruncatula_HM189
NON_ZERO_REGIONS	318507276	5.255217	6.736214	5	2	0	0.03811	0	0.00486	0.039213	0.009277	0.082515	0.173976	1	0.503073	0.078373	0.015178	0.007057	0.004354	0.003064	0.001905	0.001441	0.001203	0.001055	0.000955	0.000878	0.000816	0.694835	5	Mtruncatula_HM189
WHOLE_GENOME	389016531	1.444542	4.502121	1	1	0	0.043861	0	0.005119	0.010676	0.009578	0.081618	0.150851	0.59777	0.04654	0.004165	0.001891	0.001285	0.001028	0.000893	0.000735	0.000617	0.000506	0.000412	0.000351	0.000314	0.000294	0.264754	1	Mtruncatula_HM190
NON_ZERO_REGIONS	232542520	2.41655	5.617733	2	1	0	0.043861	0	0.005119	0.010676	0.009578	0.081618	0.150851	1	0.077856	0.006968	0.003164	0.002149	0.00172	0.001494	0.001229	0.001032	0.000846	0.000689	0.000588	0.000525	0.000491	0.441884	3	Mtruncatula_HM190
WHOLE_GENOME	389016531	2.370428	5.280538	1	1	0	0.050263	0	0.005107	0.040722	0.020711	0.061982	0.178786	0.672476	0.157863	0.020048	0.006084	0.003335	0.002259	0.001706	0.001189	0.000944	0.000795	0.000685	0.000594	0.000513	0.000446	0.357336	2	Mtruncatula_HM191
NON_ZERO_REGIONS	261604404	3.524924	6.115167	3	1	0	0.050263	0	0.005107	0.040722	0.020711	0.061982	0.178786	1	0.234749	0.029813	0.009047	0.004959	0.003359	0.002537	0.001769	0.001404	0.001183	0.001019	0.000884	0.000763	0.000663	0.529286	3	Mtruncatula_HM191
WHOLE_GENOME	389016531	2.294196	5.120579	1	1	0	0.050379	0	0.005585	0.042329	0.003781	0.059013	0.161087	0.661433	0.152177	0.017813	0.005313	0.00298	0.002065	0.001581	0.001083	0.000814	0.000642	0.000521	0.000439	0.000387	0.000354	0.347145	2	Mtruncatula_HM192
NON_ZERO_REGIONS	257308329	3.468524	5.963936	3	1	0	0.050379	0	0.005585	0.042329	0.003781	0.059013	0.161087	1	0.230071	0.026931	0.008032	0.004505	0.003123	0.00239	0.001637	0.001231	0.000971	0.000787	0.000664	0.000585	0.000535	0.522562	3	Mtruncatula_HM192
WHOLE_GENOME	389016531	2.75047	4.985919	2	2	0	0.047465	0	0.004743	0.045885	0.010802	0.043814	0.152708	0.751152	0.198285	0.019919	0.005662	0.00296	0.001875	0.001317	0.000789	0.000564	0.000459	0.000401	0.000364	0.000337	0.000318	0.414718	2	Mtruncatula_HM193
NON_ZERO_REGIONS	292210647	3.661667	5.455135	3	1	0	0.047465	0	0.004743	0.045885	0.010802	0.043814	0.152708	1	0.263975	0.026518	0.007538	0.003941	0.002497	0.001754	0.00105	0.00075	0.000612	0.000534	0.000485	0.000449	0.000423	0.549931	3	Mtruncatula_HM193
WHOLE_GENOME	389016531	2.056004	4.754481	2	1	0	0.044579	0	0.005194	0.043732	0.00305	0.06983	0.166384	0.703459	0.099342	0.007419	0.002954	0.001823	0.001307	0.001008	0.000666	0.000495	0.000413	0.000373	0.000349	0.000333	0.000322	0.330938	2	Mtruncatula_HM194
NON_ZERO_REGIONS	273657045	2.922708	5.440689	2	1	0	0.044579	0	0.005194	0.043732	0.00305	0.06983	0.166384	1	0.141219	0.010546	0.004199	0.002591	0.001858	0.001433	0.000947	0.000704	0.000586	0.00053	0.000496	0.000474	0.000458	0.467992	3	Mtruncatula_HM194
WHOLE_GENOME	389016531	1.744789	4.790025	1	1	0	0.050529	0	0.005736	0.046864	0.003107	0.066499	0.172736	0.641003	0.073819	0.006988	0.002928	0.001864	0.001404	0.001161	0.000906	0.000762	0.000659	0.000575	0.000501	0.000435	0.00038	0.282562	1	Mtruncatula_HM195
NON_ZERO_REGIONS	249360924	2.721965	5.756264	2	1	0	0.050529	0	0.005736	0.046864	0.003107	0.066499	0.172736	1	0.115161	0.010902	0.004568	0.002908	0.002191	0.001811	0.001413	0.001188	0.001028	0.000897	0.000782	0.000679	0.000593	0.437944	3	Mtruncatula_HM195
WHOLE_GENOME	389016531	3.018832	5.638396	2	2	0	0.041578	0	0.005991	0.040305	0.001962	0.082098	0.171933	0.755709	0.235759	0.023461	0.006111	0.00332	0.00223	0.001685	0.001186	0.000967	0.000837	0.000738	0.000658	0.000586	0.000517	0.439337	3	Mtruncatula_HM196
NON_ZERO_REGIONS	293983485	3.994698	6.178198	3	1	0	0.041578	0	0.005991	0.040305	0.001962	0.082098	0.171933	1	0.311971	0.031045	0.008087	0.004393	0.002951	0.00223	0.001569	0.00128	0.001107	0.000976	0.00087	0.000775	0.000684	0.579658	4	Mtruncatula_HM196
WHOLE_GENOME	389016531	1.836488	4.418913	1	1	0	0.04877	0	0.005134	0.046581	0.002523	0.05347	0.156478	0.675411	0.078216	0.006641	0.002707	0.001627	0.00114	0.000863	0.000579	0.00045	0.000383	0.00034	0.00031	0.00029	0.000277	0.303129	2	Mtruncatula_HM197
NON_ZERO_REGIONS	262746192	2.719066	5.1489	2	1	0	0.04877	0	0.005134	0.046581	0.002523	0.05347	0.156478	1	0.115805	0.009833	0.004007	0.002409	0.001687	0.001278	0.000857	0.000667	0.000567	0.000504	0.000459	0.000429	0.00041	0.445953	3	Mtruncatula_HM197
WHOLE_GENOME	389016531	3.133727	5.882864	3	2	0	0.043421	0	0.005499	0.010788	0.001301	0.078323	0.139332	0.768879	0.243983	0.024591	0.006918	0.003751	0.002545	0.001955	0.001384	0.001129	0.000984	0.000882	0.000796	0.000719	0.000637	0.456937	3	Mtruncatula_HM198
NON_ZERO_REGIONS	299106724	4.075708	6.416529	3	1	0	0.043421	0	0.005499	0.010788	0.001301	0.078323	0.139332	1	0.317323	0.031983	0.008997	0.004878	0.00331	0.002543	0.0018	0.001469	0.00128	0.001147	0.001035	0.000935	0.000829	0.593714	4	Mtruncatula_HM198
WHOLE_GENOME	389016531	3.798947	6.53887	3	2	0	0.041891	0	0.006175	0.038369	0.003077	0.079125	0.168637	0.759433	0.33548	0.062796	0.013913	0.006186	0.003857	0.002765	0.001775	0.001337	0.001098	0.000946	0.000839	0.000756	0.000684	0.497775	3	Mtruncatula_HM199
NON_ZERO_REGIONS	295431856	5.002349	7.090921	4	2	0	0.041891	0	0.006175	0.038369	0.003077	0.079125	0.168637	1	0.44175	0.082688	0.01832	0.008145	0.005079	0.003641	0.002337	0.00176	0.001446	0.001246	0.001105	0.000995	0.0009	0.653949	5	Mtruncatula_HM199
WHOLE_GENOME	389016531	3.152775	5.639483	2	2	0	0.046532	0	0.005577	0.039886	0.011124	0.060432	0.163551	0.751417	0.253296	0.033556	0.00837	0.004184	0.002732	0.002026	0.00134	0.001025	0.000832	0.000693	0.000589	0.000509	0.000445	0.449748	3	Mtruncatula_HM200
NON_ZERO_REGIONS	292313787	4.19577	6.160266	3	2	0	0.046532	0	0.005577	0.039886	0.011124	0.060432	0.163551	1	0.337091	0.044657	0.011139	0.005569	0.003636	0.002697	0.001784	0.001365	0.001108	0.000922	0.000784	0.000677	0.000592	0.596869	4	Mtruncatula_HM200
WHOLE_GENOME	389016531	1.620844	4.86566	1	1	0	0.042685	0	0.006202	0.005845	0.01038	0.090174	0.155286	0.628107	0.060418	0.005425	0.002288	0.001501	0.001177	0.001007	0.000834	0.000752	0.000685	0.00061	0.000534	0.000466	0.000411	0.290265	1	Mtruncatula_HM201
NON_ZERO_REGIONS	244343832	2.580524	5.934274	2	1	0	0.042685	0	0.006202	0.005845	0.01038	0.090174	0.155286	1	0.096191	0.008637	0.003642	0.002389	0.001874	0.001603	0.001328	0.001198	0.00109	0.000972	0.000851	0.000743	0.000654	0.461588	3	Mtruncatula_HM201
WHOLE_GENOME	389016531	0.176871	1.432224	0	0	0	0.05132	0	0.002843	0.005325	0.239279	0.03657	0.335338	0.116186	0.001675	0.000635	0.000411	0.000294	0.00022	0.000177	0.000129	0.000102	0.000084	0.000072	0.000062	0.000052	0.000044	0.046822	0	Mtruncatula_HM202
NON_ZERO_REGIONS	45198275	1.522311	3.95055	1	0	0	0.05132	0	0.002843	0.005325	0.239279	0.03657	0.335338	1	0.014413	0.005468	0.003539	0.002527	0.001893	0.001526	0.001112	0.00088	0.000726	0.000623	0.00053	0.000448	0.000376	0.40233	2	Mtruncatula_HM202
WHOLE_GENOME	389016531	3.059742	5.932752	2	2	0	0.046344	0	0.00723	0.040156	0.002973	0.069942	0.166646	0.7511	0.23819	0.026396	0.007394	0.004024	0.002683	0.002007	0.001386	0.001103	0.000946	0.00084	0.00076	0.000691	0.00063	0.440132	3	Mtruncatula_HM203
NON_ZERO_REGIONS	292190506	4.073679	6.536884	3	1	0	0.046344	0	0.00723	0.040156	0.002973	0.069942	0.166646	1	0.317122	0.035143	0.009845	0.005358	0.003572	0.002671	0.001846	0.001469	0.00126	0.001118	0.001012	0.000921	0.000838	0.584247	4	Mtruncatula_HM203
WHOLE_GENOME	389016531	1.764188	4.835721	1	1	0	0.046597	0	0.00525	0.042004	0.057174	0.044347	0.195372	0.600126	0.092724	0.01064	0.003633	0.002132	0.001528	0.001224	0.000933	0.000784	0.00069	0.000619	0.000561	0.000508	0.00046	0.291043	1	Mtruncatula_HM205
NON_ZERO_REGIONS	233458946	2.939695	5.959014	2	1	0	0.046597	0	0.00525	0.042004	0.057174	0.044347	0.195372	1	0.154508	0.01773	0.006053	0.003552	0.002547	0.00204	0.001554	0.001307	0.001149	0.001032	0.000934	0.000847	0.000766	0.482417	3	Mtruncatula_HM205
WHOLE_GENOME	389016531	3.083841	5.684583	2	2	0	0.043652	0	0.006266	0.041593	0.014927	0.061949	0.168388	0.749149	0.248441	0.028775	0.006869	0.003527	0.002347	0.001771	0.001222	0.000974	0.000827	0.000731	0.000658	0.000596	0.000538	0.446792	3	Mtruncatula_HM206
NON_ZERO_REGIONS	291431311	4.116459	6.235719	3	2	0	0.043652	0	0.006266	0.041593	0.014927	0.061949	0.168388	1	0.331631	0.03841	0.009169	0.004708	0.003133	0.002364	0.001632	0.0013	0.001104	0.000976	0.000878	0.000796	0.000718	0.594596	4	Mtruncatula_HM206
