## METRICS CLASS	picard.analysis.CollectWgsMetricsWithNonZeroCoverage$WgsMetricsWithNonZeroCoverage
CATEGORY	GENOME_TERRITORY	MEAN_COVERAGE	SD_COVERAGE	MEDIAN_COVERAGE	MAD_COVERAGE	PCT_EXC_ADAPTER	PCT_EXC_MAPQ	PCT_EXC_DUPE	PCT_EXC_UNPAIRED	PCT_EXC_BASEQ	PCT_EXC_OVERLAP	PCT_EXC_CAPPED	PCT_EXC_TOTAL	PCT_1X	PCT_5X	PCT_10X	PCT_15X	PCT_20X	PCT_25X	PCT_30X	PCT_40X	PCT_50X	PCT_60X	PCT_70X	PCT_80X	PCT_90X	PCT_100X	FOLD_80_BASE_PENALTY	FOLD_90_BASE_PENALTY	FOLD_95_BASE_PENALTY	HET_SNP_SENSITIVITY	HET_SNP_Q
WHOLE_GENOME	119482896	32.71711	18.653103	34	8	0	0.012577	0	0.001791	0.039356	0.006922	0.162503	0.223149	0.928776	0.913573	0.902319	0.884525	0.8475	0.771457	0.641434	0.292822	0.07614	0.021469	0.012124	0.00868	0.006625	0.005387	1.422483	3.271711	?	0.920441	11	Athaliana_IBE_6933
NON_ZERO_REGIONS	110972837	35.226053	16.918631	35	7	0	0.012577	0	0.001791	0.039356	0.006922	0.162503	0.223149	1	0.983632	0.971514	0.952355	0.912491	0.830617	0.690623	0.315277	0.081979	0.023115	0.013054	0.009346	0.007133	0.0058	1.354848	1.677431	2.348404	0.990543	20	Athaliana_IBE_6933
WHOLE_GENOME	119482896	11.8936	13.5712	11	5	0	0.015751	0	0.001087	0.022997	0.094261	0.062094	0.19619	0.922804	0.81723	0.58326	0.304574	0.119902	0.042448	0.017648	0.007133	0.004826	0.003872	0.00337	0.003052	0.002854	0.002709	2.37872	11.8936	?	0.868289	9	Athaliana_IBE_6961
NON_ZERO_REGIONS	110259279	12.888546	13.666061	12	4	0	0.015751	0	0.001087	0.022997	0.094261	0.062094	0.19619	1	0.885594	0.632053	0.330052	0.129933	0.045999	0.019125	0.00773	0.00523	0.004196	0.003652	0.003307	0.003093	0.002936	1.841221	3.222136	6.444273	0.940582	12	Athaliana_IBE_6961
WHOLE_GENOME	119482896	6.782121	9.416985	6	3	0	0.016279	0	0.00159	0.046031	0.042939	0.060716	0.167554	0.891079	0.640926	0.230283	0.045833	0.011043	0.005805	0.004141	0.002863	0.002349	0.002057	0.001832	0.001637	0.001467	0.00132	3.391061	?	?	0.764003	6	Athaliana_IBE_6970
NON_ZERO_REGIONS	106468739	7.611131	9.654513	7	3	0	0.016279	0	0.00159	0.046031	0.042939	0.060716	0.167554	1	0.71927	0.258432	0.051435	0.012393	0.006515	0.004648	0.003213	0.002637	0.002308	0.002056	0.001837	0.001647	0.001482	1.902783	3.805565	3.805565	0.856547	8	Athaliana_IBE_6970
WHOLE_GENOME	119482896	9.460541	10.514251	9	3	0	0.011813	0	0.00066	0.083914	0.179629	0.179017	0.455033	0.919101	0.831867	0.463677	0.118527	0.021005	0.00753	0.004889	0.00326	0.002739	0.00251	0.002375	0.002264	0.002168	0.002073	1.892108	4.73027	?	0.87433	9	Athaliana_IBE_6971
NON_ZERO_REGIONS	109816826	10.293257	10.569232	10	3	0	0.011813	0	0.00066	0.083914	0.179629	0.179017	0.455033	1	0.905088	0.504489	0.12896	0.022854	0.008193	0.005319	0.003547	0.00298	0.002731	0.002584	0.002464	0.002359	0.002256	1.715543	2.058651	3.431086	0.950579	13	Athaliana_IBE_6971
WHOLE_GENOME	119482896	8.824882	9.917135	8	3	0	0.015139	0	0.001398	0.046019	0.069991	0.066755	0.199302	0.910867	0.79431	0.399166	0.103434	0.023063	0.00931	0.005857	0.00354	0.002729	0.002313	0.001998	0.001723	0.001512	0.001369	2.206221	8.824882	?	0.839707	8	Athaliana_IBE_7077
NON_ZERO_REGIONS	108833060	9.688439	9.980332	9	3	0	0.015139	0	0.001398	0.046019	0.069991	0.066755	0.199302	1	0.872037	0.438226	0.113556	0.025319	0.010222	0.00643	0.003887	0.002996	0.00254	0.002193	0.001892	0.00166	0.001503	1.61474	2.42211	3.22948	0.92156	11	Athaliana_IBE_7077
WHOLE_GENOME	119482896	6.360557	9.628594	6	2	0	0.01379	0	0.013119	0.111006	0.153089	0.205716	0.496719	0.909933	0.659882	0.149869	0.016616	0.005457	0.003811	0.003166	0.002643	0.002414	0.002275	0.002163	0.002056	0.001947	0.001833	2.120186	6.360557	?	0.79736	7	Athaliana_IBE_7081
NON_ZERO_REGIONS	108721428	6.990138	9.873478	6	2	0	0.01379	0	0.013119	0.111006	0.153089	0.205716	0.496719	1	0.725198	0.164703	0.018261	0.005997	0.004189	0.003479	0.002905	0.002653	0.0025	0.002377	0.002259	0.00214	0.002014	1.747534	2.330046	3.495069	0.873741	9	Athaliana_IBE_7081
WHOLE_GENOME	119482896	9.530731	10.545766	9	3	0	0.011865	0	0.002857	0.060899	0.006335	0.203787	0.285743	0.920119	0.839124	0.465199	0.118042	0.022828	0.008753	0.005673	0.00358	0.00291	0.002603	0.002416	0.002278	0.002161	0.002058	1.906146	4.765366	?	0.859054	9	Athaliana_IBE_7327
NON_ZERO_REGIONS	109938465	10.358153	10.597062	10	3	0	0.011865	0	0.002857	0.060899	0.006335	0.203787	0.285743	1	0.911973	0.505586	0.12829	0.02481	0.009513	0.006165	0.003891	0.003162	0.002829	0.002626	0.002475	0.002349	0.002237	1.726359	2.071631	3.452718	0.933021	12	Athaliana_IBE_7327
WHOLE_GENOME	119482896	15.630354	12.378834	16	4	0	0.01733	0	0.007578	0.008089	0.000054	0.089191	0.122241	0.910305	0.882842	0.815876	0.597779	0.272729	0.075298	0.018639	0.005756	0.003875	0.003111	0.002702	0.002448	0.002293	0.002196	1.563035	7.815177	?	0.889132	10	Athaliana_IBE_7328
NON_ZERO_REGIONS	108765845	17.170463	11.911756	17	4	0	0.01733	0	0.007578	0.008089	0.000054	0.089191	0.122241	1	0.969831	0.896267	0.656681	0.299602	0.082717	0.020476	0.006323	0.004257	0.003417	0.002968	0.002689	0.002519	0.002413	1.430872	1.907829	2.452923	0.976688	16	Athaliana_IBE_7328
WHOLE_GENOME	119482896	13.282428	11.848914	13	4	0	0.011027	0	0.000582	0.036109	0.251928	0.051449	0.351094	0.915224	0.880819	0.73915	0.403062	0.122116	0.030314	0.013389	0.006508	0.004414	0.003472	0.002986	0.002705	0.002515	0.002368	1.660303	6.641214	?	0.898576	10	Athaliana_IBE_8264
NON_ZERO_REGIONS	109353645	14.512758	11.642423	14	3	0	0.011027	0	0.000582	0.036109	0.251928	0.051449	0.351094	1	0.962408	0.807616	0.440397	0.133427	0.033122	0.01463	0.007111	0.004823	0.003794	0.003262	0.002955	0.002748	0.002587	1.451276	2.073251	2.902552	0.981655	17	Athaliana_IBE_8264
WHOLE_GENOME	119482896	47.412247	25.122189	50	12	0	0.008868	0	0.00028	0.036638	0.28983	0.041938	0.377553	0.92388	0.91064	0.90202	0.892272	0.878642	0.857917	0.825722	0.708599	0.504368	0.266254	0.101778	0.035977	0.018777	0.013691	1.481633	4.310204	?	0.917474	11	Athaliana_IBE_8357
NON_ZERO_REGIONS	110387823	51.318636	21.969373	51	10	0	0.008868	0	0.00028	0.036638	0.28983	0.041938	0.377553	1	0.98567	0.976339	0.965788	0.951035	0.928603	0.893755	0.766982	0.545924	0.288191	0.110164	0.038941	0.020324	0.014819	1.38699	1.769608	2.565932	0.992908	21	Athaliana_IBE_8357
WHOLE_GENOME	119482896	16.644683	13.438649	16	5	0	0.015268	0	0.001433	0.030037	0.057913	0.124297	0.228948	0.925271	0.897501	0.816983	0.601617	0.323009	0.128754	0.046062	0.012914	0.007483	0.005159	0.004028	0.003394	0.003028	0.002788	1.664468	4.161171	?	0.907583	10	Athaliana_IBE_9506
NON_ZERO_REGIONS	110554044	17.988984	13.076718	17	4	0	0.015268	0	0.001433	0.030037	0.057913	0.124297	0.228948	1	0.969987	0.882966	0.650207	0.349097	0.139152	0.049782	0.013957	0.008087	0.005575	0.004353	0.003668	0.003272	0.003013	1.499082	1.998776	2.998164	0.98063	17	Athaliana_IBE_9506
WHOLE_GENOME	119482896	12.881181	10.945967	13	4	0	0.014035	0	0.001638	0.027787	0.050166	0.122496	0.216122	0.940384	0.899626	0.721465	0.35787	0.100784	0.024971	0.010854	0.005265	0.003687	0.003069	0.002717	0.002459	0.002219	0.001989	1.610148	3.220295	?	0.912166	11	Athaliana_IBE_9507
NON_ZERO_REGIONS	112359814	13.697787	10.780731	13	3	0	0.014035	0	0.001638	0.027787	0.050166	0.122496	0.216122	1	0.956658	0.767202	0.380557	0.107173	0.026554	0.011542	0.005599	0.003921	0.003263	0.002889	0.002615	0.00236	0.002115	1.521976	1.956827	2.739557	0.969783	15	Athaliana_IBE_9507
WHOLE_GENOME	119482896	13.080403	11.66706	13	3	0	0.013561	0	0.00146	0.04735	0.077756	0.138397	0.278524	0.924805	0.888877	0.74005	0.375071	0.10409	0.026429	0.012428	0.006113	0.004223	0.003443	0.003028	0.002769	0.002597	0.002461	1.63505	4.360134	?	0.900635	10	Athaliana_IBE_9508
NON_ZERO_REGIONS	110498364	14.14396	11.495443	13	3	0	0.013561	0	0.00146	0.04735	0.077756	0.138397	0.278524	1	0.961151	0.800223	0.405568	0.112553	0.028578	0.013438	0.006611	0.004566	0.003723	0.003274	0.002995	0.002808	0.002661	1.414396	2.020566	2.828792	0.973585	16	Athaliana_IBE_9508
WHOLE_GENOME	119482896	9.928636	10.631593	9	3	0	0.016651	0	0.001649	0.040514	0.054217	0.117823	0.230853	0.92778	0.823249	0.478953	0.164555	0.044448	0.016382	0.009417	0.005053	0.003569	0.002866	0.002435	0.002121	0.00189	0.001704	1.985727	4.964318	?	0.863296	9	Athaliana_IBE_9509
NON_ZERO_REGIONS	110853897	10.701492	10.656383	10	3	0	0.016651	0	0.001649	0.040514	0.054217	0.117823	0.230853	1	0.887331	0.516235	0.177364	0.047908	0.017657	0.01015	0.005447	0.003847	0.003089	0.002624	0.002286	0.002037	0.001836	1.783582	2.675373	3.567164	0.930043	12	Athaliana_IBE_9509
WHOLE_GENOME	119482896	12.83469	11.452223	13	3	0	0.012847	0	0.001363	0.039681	0.082177	0.129463	0.26553	0.927485	0.890595	0.725361	0.3559	0.096478	0.024019	0.010982	0.005289	0.003637	0.002996	0.002704	0.002527	0.002411	0.002316	1.604336	3.208672	?	0.902528	10	Athaliana_IBE_9510
NON_ZERO_REGIONS	110818640	13.838158	11.292536	13	3	0	0.012847	0	0.001363	0.039681	0.082177	0.129463	0.26553	1	0.960225	0.782073	0.383726	0.104022	0.025897	0.011841	0.005702	0.003921	0.003231	0.002915	0.002725	0.002599	0.002497	1.537573	1.97688	2.767632	0.972828	16	Athaliana_IBE_9510
WHOLE_GENOME	119482896	12.16861	11.356668	12	3	0	0.013093	0	0.001393	0.05569	0.061673	0.185351	0.317199	0.926998	0.889105	0.689229	0.29224	0.068843	0.018937	0.010251	0.005507	0.003909	0.003157	0.002803	0.002598	0.002473	0.00237	1.521076	3.042152	?	0.898546	10	Athaliana_IBE_9511
NON_ZERO_REGIONS	110760406	13.1269	11.249504	12	3	0	0.013093	0	0.001393	0.05569	0.061673	0.185351	0.317199	1	0.959123	0.743507	0.315254	0.074265	0.020428	0.011059	0.005941	0.004217	0.003406	0.003024	0.002803	0.002668	0.002557	1.458544	1.875271	2.62538	0.968957	15	Athaliana_IBE_9511
WHOLE_GENOME	119482896	13.150444	11.98834	13	4	0	0.015508	0	0.001466	0.058183	0.057718	0.129795	0.262669	0.922075	0.882078	0.707981	0.376476	0.130952	0.039932	0.017315	0.007883	0.004943	0.003741	0.003142	0.00281	0.002594	0.002445	1.643805	4.383481	?	0.893925	10	Athaliana_IBE_9512
NON_ZERO_REGIONS	110172164	14.261797	11.832848	13	4	0	0.015508	0	0.001466	0.058183	0.057718	0.129795	0.262669	1	0.956623	0.767813	0.408292	0.142019	0.043307	0.018778	0.008549	0.00536	0.004057	0.003408	0.003048	0.002814	0.002652	1.584644	2.0374	2.852359	0.969106	15	Athaliana_IBE_9512
WHOLE_GENOME	119482896	11.552032	11.931044	11	4	0	0.015364	0	0.001492	0.03065	0.057978	0.168659	0.274143	0.924804	0.865537	0.622609	0.257146	0.065462	0.019228	0.010307	0.005516	0.003922	0.0032	0.002845	0.002626	0.002483	0.002381	1.65029	5.776016	?	0.884628	9	Athaliana_IBE_9513
NON_ZERO_REGIONS	110498296	12.491326	11.924396	12	3	0	0.015364	0	0.001492	0.03065	0.057978	0.168659	0.274143	1	0.935913	0.673233	0.278054	0.070785	0.020791	0.011145	0.005965	0.004241	0.00346	0.003076	0.00284	0.002685	0.002574	1.561416	2.081888	3.122831	0.956158	14	Athaliana_IBE_9513
WHOLE_GENOME	119482896	13.034445	11.999474	13	4	0	0.013798	0	0.001129	0.032332	0.095453	0.14138	0.284093	0.92798	0.887444	0.716299	0.369281	0.114082	0.030683	0.013613	0.006702	0.004435	0.003479	0.003009	0.002729	0.00254	0.002418	1.629306	4.344815	?	0.901093	10	Athaliana_IBE_9514
NON_ZERO_REGIONS	110877797	14.046033	11.872374	13	3	0	0.013798	0	0.001129	0.032332	0.095453	0.14138	0.284093	1	0.956318	0.77189	0.397941	0.122936	0.033064	0.01467	0.007222	0.004779	0.003749	0.003243	0.00294	0.002737	0.002606	1.56067	2.006576	2.809207	0.970712	15	Athaliana_IBE_9514
WHOLE_GENOME	119482896	10.575081	11.00157	10	4	0	0.018189	0	0.001631	0.031112	0.046218	0.124112	0.221262	0.924618	0.843151	0.536279	0.200931	0.053979	0.017603	0.0093	0.004907	0.003558	0.002959	0.002622	0.002401	0.002219	0.002057	1.762513	5.28754	?	0.871589	9	Athaliana_IBE_9515
NON_ZERO_REGIONS	110476034	11.437243	11.001884	10	3	0	0.018189	0	0.001631	0.031112	0.046218	0.124112	0.221262	1	0.911892	0.58	0.217312	0.05838	0.019038	0.010058	0.005307	0.003848	0.003201	0.002835	0.002597	0.0024	0.002225	1.633892	2.287449	3.812414	0.942243	12	Athaliana_IBE_9515
WHOLE_GENOME	119482896	8.528534	10.492113	8	3	0	0.015918	0	0.001453	0.030987	0.069388	0.131926	0.249673	0.920849	0.781275	0.353875	0.084793	0.020898	0.00974	0.006424	0.003975	0.003149	0.002785	0.002568	0.002402	0.002252	0.002104	2.132134	4.264267	?	0.840063	8	Athaliana_IBE_9517
NON_ZERO_REGIONS	110025694	9.2616	10.618726	8	3	0	0.015918	0	0.001453	0.030987	0.069388	0.131926	0.249673	1	0.848429	0.384292	0.092081	0.022694	0.010577	0.006976	0.004316	0.00342	0.003025	0.002789	0.002609	0.002445	0.002285	1.85232	2.3154	3.0872	0.91184	11	Athaliana_IBE_9517
WHOLE_GENOME	119482896	12.660897	12.308251	12	4	0	0.016594	0	0.001823	0.033413	0.053231	0.134788	0.239848	0.921926	0.879373	0.699655	0.339119	0.096549	0.026716	0.013064	0.006489	0.004359	0.003441	0.002998	0.002745	0.002578	0.002453	1.582612	4.220299	?	0.892253	10	Athaliana_IBE_9518
NON_ZERO_REGIONS	110154397	13.733094	12.231016	13	3	0	0.016594	0	0.001823	0.033413	0.053231	0.134788	0.239848	1	0.953844	0.758906	0.367837	0.104725	0.028979	0.014171	0.007038	0.004728	0.003732	0.003252	0.002978	0.002796	0.002661	1.525899	1.961871	2.746619	0.967506	15	Athaliana_IBE_9518
WHOLE_GENOME	119482896	11.184602	11.364693	11	4	0	0.016997	0	0.001432	0.031098	0.058577	0.127163	0.235268	0.923351	0.857066	0.581861	0.237115	0.066304	0.021073	0.011028	0.005816	0.004064	0.003287	0.00287	0.002613	0.002418	0.002252	1.8641	5.592301	?	0.879866	9	Athaliana_IBE_9519
NON_ZERO_REGIONS	110324643	12.113057	11.341575	11	3	0	0.016997	0	0.001432	0.031098	0.058577	0.127163	0.235268	1	0.928213	0.630162	0.256798	0.071809	0.022822	0.011943	0.006299	0.004401	0.00356	0.003108	0.00283	0.002618	0.002439	1.730437	2.422611	3.028264	0.952595	13	Athaliana_IBE_9519
WHOLE_GENOME	119482896	14.356242	12.803584	14	4	0	0.016132	0	0.001547	0.033049	0.040029	0.117344	0.2081	0.925204	0.889108	0.745287	0.457838	0.197372	0.067092	0.024259	0.008504	0.005327	0.004059	0.003433	0.003079	0.002844	0.002677	1.79453	3.58906	?	0.899979	10	Athaliana_IBE_9520
NON_ZERO_REGIONS	110546109	15.516831	12.616485	14	4	0	0.016132	0	0.001547	0.033049	0.040029	0.117344	0.2081	1	0.960986	0.805538	0.494851	0.213328	0.072515	0.02622	0.009191	0.005757	0.004388	0.003711	0.003328	0.003074	0.002893	1.551683	2.21669	3.103366	0.972475	16	Athaliana_IBE_9520
WHOLE_GENOME	119482896	12.10226	11.748089	12	3	0	0.01548	0	0.001488	0.031493	0.066664	0.158598	0.273722	0.925176	0.885612	0.681977	0.285587	0.06723	0.01952	0.010707	0.005584	0.003861	0.00313	0.002773	0.002584	0.00247	0.002382	1.728894	4.034087	?	0.89652	10	Athaliana_IBE_9521
NON_ZERO_REGIONS	110542664	13.081041	11.678031	12	3	0	0.01548	0	0.001488	0.031493	0.066664	0.158598	0.273722	1	0.957237	0.737132	0.308684	0.072667	0.021099	0.011573	0.006036	0.004173	0.003383	0.002997	0.002793	0.002669	0.002574	1.453449	1.86872	2.616208	0.968733	15	Athaliana_IBE_9521
WHOLE_GENOME	119482896	11.999694	11.374149	11	4	0	0.014949	0	0.00158	0.030902	0.050776	0.132754	0.230962	0.929208	0.873459	0.64198	0.294396	0.089251	0.026159	0.011794	0.005729	0.003983	0.003287	0.002902	0.002636	0.002429	0.002248	1.714242	3.999898	?	0.891285	10	Athaliana_IBE_9522
NON_ZERO_REGIONS	111024411	12.9139	11.288115	12	3	0	0.014949	0	0.00158	0.030902	0.050776	0.132754	0.230962	1	0.940005	0.69089	0.316824	0.096051	0.028152	0.012693	0.006165	0.004286	0.003538	0.003123	0.002836	0.002614	0.00242	1.614238	2.152317	3.228475	0.958845	14	Athaliana_IBE_9522
WHOLE_GENOME	119482896	14.287006	12.087165	14	4	0	0.014083	0	0.001427	0.033111	0.062662	0.131426	0.242709	0.923611	0.894275	0.786674	0.473754	0.165072	0.043011	0.016879	0.007489	0.004767	0.003678	0.003161	0.002863	0.002666	0.002519	1.587445	3.571752	?	0.903605	10	Athaliana_IBE_9523
NON_ZERO_REGIONS	110355700	15.468643	11.828133	15	3	0	0.014083	0	0.001427	0.033111	0.062662	0.131426	0.242709	1	0.968238	0.851737	0.512937	0.178725	0.046568	0.018275	0.008108	0.005162	0.003982	0.003423	0.0031	0.002887	0.002728	1.40624	1.93358	2.578107	0.978058	17	Athaliana_IBE_9523
WHOLE_GENOME	119482896	12.04326	11.901898	11	4	0	0.015186	0	0.001333	0.025005	0.074045	0.128392	0.243963	0.928972	0.870361	0.632264	0.293734	0.0935	0.029471	0.014019	0.006951	0.004625	0.003589	0.003061	0.002769	0.002586	0.002447	1.720466	4.01442	?	0.891572	10	Athaliana_IBE_9524
NON_ZERO_REGIONS	110996298	12.964069	11.855314	12	4	0	0.015186	0	0.001333	0.025005	0.074045	0.128392	0.243963	1	0.936907	0.680606	0.316193	0.100649	0.031724	0.015091	0.007483	0.004978	0.003863	0.003295	0.00298	0.002784	0.002634	1.620509	2.160678	3.241017	0.959482	14	Athaliana_IBE_9524
WHOLE_GENOME	119482896	11.557383	11.224718	11	4	0	0.015148	0	0.001629	0.026736	0.056397	0.121576	0.221486	0.926122	0.870589	0.621217	0.254932	0.067755	0.021628	0.011783	0.006163	0.004228	0.003391	0.002943	0.002672	0.002473	0.002307	1.651055	3.852461	?	0.888045	10	Athaliana_IBE_9525
NON_ZERO_REGIONS	110655734	12.479331	11.159737	12	3	0	0.015148	0	0.001629	0.026736	0.056397	0.121576	0.221486	1	0.940037	0.670773	0.275269	0.07316	0.023353	0.012723	0.006655	0.004565	0.003661	0.003178	0.002885	0.00267	0.002491	1.559916	2.079889	3.119833	0.958608	14	Athaliana_IBE_9525
WHOLE_GENOME	119482896	14.345924	12.356079	14	5	0	0.015353	0	0.001486	0.026154	0.057033	0.104986	0.205012	0.92532	0.887002	0.739493	0.455791	0.200672	0.071179	0.027247	0.010005	0.006253	0.00464	0.003758	0.003199	0.002807	0.002518	1.79324	4.781975	?	0.900129	10	Athaliana_IBE_9526
NON_ZERO_REGIONS	110559897	15.503746	12.126166	14	4	0	0.015353	0	0.001486	0.026154	0.057033	0.104986	0.205012	1	0.95859	0.799176	0.492576	0.216867	0.076923	0.029446	0.010813	0.006758	0.005014	0.004061	0.003457	0.003034	0.002722	1.722638	2.214821	3.100749	0.972556	16	Athaliana_IBE_9526
WHOLE_GENOME	119482896	13.893106	11.800063	14	4	0	0.015173	0	0.001567	0.026561	0.051669	0.138933	0.233903	0.935206	0.890014	0.758492	0.440541	0.155085	0.042364	0.016541	0.007487	0.004817	0.003635	0.003055	0.002742	0.002552	0.002403	1.543678	4.631035	?	0.906023	10	Athaliana_IBE_9527
NON_ZERO_REGIONS	111741077	14.85567	11.601254	14	4	0	0.015173	0	0.001567	0.026561	0.051669	0.138933	0.233903	1	0.951678	0.811043	0.471063	0.16583	0.045299	0.017687	0.008006	0.005151	0.003887	0.003267	0.002932	0.002728	0.00257	1.485567	2.122239	2.971134	0.96843	15	Athaliana_IBE_9527
WHOLE_GENOME	119482896	8.454303	10.29175	8	3	0	0.01582	0	0.001817	0.026067	0.055969	0.150403	0.250077	0.915649	0.782157	0.35127	0.078928	0.01917	0.009496	0.006439	0.004041	0.003159	0.002762	0.002525	0.002336	0.00217	0.002001	2.113576	8.454303	?	0.83567	8	Athaliana_IBE_9528
NON_ZERO_REGIONS	109404448	9.233122	10.415693	8	3	0	0.01582	0	0.001817	0.026067	0.055969	0.150403	0.250077	1	0.85421	0.383629	0.086199	0.020936	0.010371	0.007032	0.004413	0.00345	0.003017	0.002758	0.002552	0.002369	0.002186	1.846624	2.30828	3.077707	0.912289	11	Athaliana_IBE_9528
WHOLE_GENOME	119482896	12.927885	11.164176	13	3	0	0.013437	0	0.00133	0.025671	0.069998	0.169041	0.279477	0.926048	0.894506	0.743291	0.362174	0.092758	0.022503	0.010788	0.005394	0.003716	0.003019	0.002671	0.002468	0.002351	0.002254	1.615986	3.231971	?	0.903606	10	Athaliana_IBE_9529
NON_ZERO_REGIONS	110646871	13.960278	10.962651	13	3	0	0.013437	0	0.00133	0.025671	0.069998	0.169041	0.279477	1	0.965939	0.802649	0.391097	0.100166	0.0243	0.011649	0.005825	0.004012	0.00326	0.002884	0.002666	0.002539	0.002434	1.396028	1.745035	2.326713	0.975556	16	Athaliana_IBE_9529
WHOLE_GENOME	119482896	10.242978	11.303587	10	4	0	0.018003	0	0.001684	0.025145	0.065588	0.120653	0.231073	0.913331	0.824517	0.504808	0.183513	0.050616	0.018263	0.01035	0.005504	0.003829	0.003108	0.002745	0.002519	0.002365	0.002232	2.048596	10.242978	?	0.859028	9	Athaliana_IBE_9530
NON_ZERO_REGIONS	109127474	11.214964	11.357591	10	3	0	0.018003	0	0.001684	0.025145	0.065588	0.120653	0.231073	1	0.902757	0.552711	0.200927	0.055419	0.019996	0.011332	0.006026	0.004192	0.003403	0.003005	0.002758	0.002589	0.002444	1.869161	2.242993	3.738321	0.940251	12	Athaliana_IBE_9530
WHOLE_GENOME	119482896	10.204226	10.460854	10	3	0	0.016534	0	0.001613	0.026968	0.060128	0.142458	0.247701	0.92224	0.852079	0.526305	0.16141	0.03518	0.012823	0.007677	0.004346	0.003274	0.002788	0.002498	0.00227	0.002055	0.001852	1.700704	5.102113	?	0.874735	9	Athaliana_IBE_9531
NON_ZERO_REGIONS	110191942	11.064607	10.446835	10	3	0	0.016534	0	0.001613	0.026968	0.060128	0.142458	0.247701	1	0.923923	0.570681	0.175019	0.038147	0.013904	0.008324	0.004712	0.00355	0.003023	0.002709	0.002461	0.002229	0.002008	1.580658	2.212921	2.766152	0.948195	13	Athaliana_IBE_9531
WHOLE_GENOME	119482896	13.039867	12.155069	13	4	0	0.015214	0	0.001311	0.02441	0.072319	0.129912	0.243167	0.926154	0.882132	0.69785	0.367496	0.12689	0.038044	0.016239	0.007522	0.004921	0.003792	0.003217	0.002853	0.002631	0.002484	1.862838	4.346622	?	0.89718	10	Athaliana_IBE_9532
NON_ZERO_REGIONS	110659565	14.079588	12.036911	13	4	0	0.015214	0	0.001311	0.02441	0.072319	0.129912	0.243167	1	0.952468	0.753492	0.396798	0.137008	0.041078	0.017534	0.008122	0.005313	0.004094	0.003473	0.003081	0.002841	0.002682	1.564399	2.01137	2.815918	0.968477	15	Athaliana_IBE_9532
WHOLE_GENOME	119482896	14.048781	12.903124	13	4	0	0.01592	0	0.001274	0.023812	0.079567	0.13066	0.251233	0.926015	0.88424	0.725315	0.431932	0.18256	0.063486	0.025268	0.009948	0.006153	0.004486	0.003615	0.003135	0.002836	0.002642	1.756098	4.682927	?	0.899491	10	Athaliana_IBE_9534
NON_ZERO_REGIONS	110642901	15.171231	12.757888	14	4	0	0.01592	0	0.001274	0.023812	0.079567	0.13066	0.251233	1	0.954887	0.783265	0.466442	0.197145	0.068558	0.027287	0.010742	0.006645	0.004845	0.003904	0.003385	0.003063	0.002853	1.685692	2.167319	3.034246	0.971135	15	Athaliana_IBE_9534
WHOLE_GENOME	119482896	13.925976	12.287905	13	4	0	0.0156	0	0.001699	0.028917	0.043825	0.114599	0.20464	0.926027	0.88737	0.735576	0.429207	0.168718	0.054575	0.022261	0.009767	0.006074	0.004374	0.003507	0.003046	0.002748	0.002531	1.740747	4.641992	?	0.899468	10	Athaliana_IBE_9535
NON_ZERO_REGIONS	110644352	15.038418	12.096483	14	4	0	0.0156	0	0.001699	0.028917	0.043825	0.114599	0.20464	1	0.958255	0.794336	0.463493	0.182195	0.058935	0.024039	0.010547	0.00656	0.004724	0.003787	0.003289	0.002968	0.002734	1.670935	2.148345	3.007684	0.971055	15	Athaliana_IBE_9535
WHOLE_GENOME	119482896	13.964665	11.945939	14	4	0	0.013987	0	0.001654	0.027994	0.062546	0.139355	0.245536	0.923635	0.890383	0.773867	0.450867	0.149215	0.03808	0.015512	0.007114	0.004691	0.003697	0.003183	0.002871	0.002665	0.002523	1.551629	4.654888	?	0.901588	10	Athaliana_IBE_9536
NON_ZERO_REGIONS	110358589	15.119245	11.706741	14	3	0	0.013987	0	0.001654	0.027994	0.062546	0.139355	0.245536	1	0.963998	0.83785	0.488144	0.161552	0.041229	0.016795	0.007702	0.005079	0.004003	0.003447	0.003109	0.002885	0.002731	1.511925	1.889906	2.519874	0.975871	16	Athaliana_IBE_9536
WHOLE_GENOME	119482896	11.691673	11.354531	11	4	0	0.015635	0	0.001385	0.027015	0.069116	0.144628	0.257779	0.924998	0.871652	0.625725	0.268254	0.075499	0.022829	0.011557	0.005847	0.004047	0.003268	0.002855	0.002584	0.002398	0.002247	1.670239	3.897224	?	0.889242	10	Athaliana_IBE_9537
NON_ZERO_REGIONS	110521493	12.639668	11.287013	12	3	0	0.015635	0	0.001385	0.027015	0.069116	0.144628	0.257779	1	0.942328	0.676461	0.290004	0.081621	0.02468	0.012494	0.006321	0.004375	0.003533	0.003086	0.002794	0.002593	0.002429	1.579958	2.106611	3.159917	0.961106	14	Athaliana_IBE_9537
WHOLE_GENOME	119482896	9.521612	10.895493	9	3	0	0.017768	0	0.001567	0.027789	0.049213	0.15592	0.252257	0.917462	0.817894	0.44997	0.13297	0.031524	0.012212	0.007581	0.004546	0.003448	0.002943	0.002657	0.00247	0.002322	0.002177	1.904322	4.760806	?	0.854265	8	Athaliana_IBE_9539
NON_ZERO_REGIONS	109621063	10.378204	10.97732	9	3	0	0.017768	0	0.001567	0.027789	0.049213	0.15592	0.252257	1	0.891474	0.49045	0.144932	0.03436	0.01331	0.008263	0.004955	0.003758	0.003208	0.002896	0.002692	0.002531	0.002373	1.729701	2.594551	3.459401	0.930774	12	Athaliana_IBE_9539
WHOLE_GENOME	119482896	12.343092	11.175042	12	3	0	0.01357	0	0.00128	0.026861	0.077126	0.147127	0.265964	0.925337	0.89053	0.704223	0.308086	0.073822	0.020071	0.010553	0.005442	0.003867	0.003184	0.002836	0.002622	0.002459	0.002322	1.542886	3.085773	?	0.900538	10	Athaliana_IBE_9540
NON_ZERO_REGIONS	110561977	13.339019	11.030557	13	3	0	0.01357	0	0.00128	0.026861	0.077126	0.147127	0.265964	1	0.962384	0.761045	0.332945	0.079779	0.021691	0.011404	0.005881	0.004179	0.003441	0.003065	0.002834	0.002657	0.002509	1.482113	1.905574	2.667804	0.972987	16	Athaliana_IBE_9540
WHOLE_GENOME	119482896	12.137239	11.219832	12	4	0	0.014895	0	0.001438	0.027314	0.056063	0.145602	0.245312	0.925086	0.875992	0.657283	0.304919	0.090979	0.026258	0.012197	0.006022	0.004148	0.003364	0.002932	0.00261	0.002348	0.002126	1.733891	4.045746	?	0.891354	10	Athaliana_IBE_9541
NON_ZERO_REGIONS	110531955	13.12012	11.098798	12	3	0	0.014895	0	0.001438	0.027314	0.056063	0.145602	0.245312	1	0.94693	0.71051	0.329612	0.098347	0.028384	0.013185	0.006509	0.004484	0.003637	0.003169	0.002822	0.002538	0.002299	1.640015	2.186687	3.28003	0.963265	14	Athaliana_IBE_9541
WHOLE_GENOME	119482896	12.533069	11.090446	12	3	0	0.012235	0	0.001432	0.028369	0.060321	0.181833	0.284189	0.924845	0.890155	0.715171	0.329332	0.08305	0.020948	0.010223	0.005159	0.003668	0.003079	0.002776	0.002556	0.00238	0.002232	1.566634	3.133267	?	0.899577	10	Athaliana_IBE_9544
NON_ZERO_REGIONS	110503176	13.551532	10.917478	13	3	0	0.012235	0	0.001432	0.028369	0.060321	0.181833	0.284189	1	0.962491	0.773288	0.356095	0.089799	0.022651	0.011054	0.005578	0.003966	0.003329	0.003001	0.002763	0.002574	0.002413	1.505726	1.935933	2.710306	0.972452	16	Athaliana_IBE_9544
WHOLE_GENOME	119482896	11.665856	11.392595	11	4	0	0.014829	0	0.001218	0.029013	0.103545	0.141542	0.290146	0.926805	0.870884	0.631656	0.266662	0.07044	0.020443	0.010426	0.005394	0.003835	0.003148	0.002817	0.00262	0.002474	0.002343	1.666551	3.888619	?	0.89127	10	Athaliana_IBE_9546
NON_ZERO_REGIONS	110737346	12.587174	11.333347	12	3	0	0.014829	0	0.001218	0.029013	0.103545	0.141542	0.290146	1	0.939662	0.681541	0.287721	0.076003	0.022058	0.01125	0.00582	0.004138	0.003397	0.003039	0.002827	0.002669	0.002528	1.573397	2.097862	3.146794	0.961326	14	Athaliana_IBE_9546
WHOLE_GENOME	119482896	9.966317	10.816186	9	3	0	0.016581	0	0.001556	0.043697	0.050034	0.156422	0.26829	0.922721	0.838078	0.491897	0.155066	0.036481	0.012883	0.007472	0.004287	0.003233	0.002777	0.002542	0.002381	0.002251	0.002131	1.993263	4.983159	?	0.866238	9	Athaliana_IBE_9547
NON_ZERO_REGIONS	110249339	10.801012	10.8523	10	3	0	0.016581	0	0.001556	0.043697	0.050034	0.156422	0.26829	1	0.908269	0.533094	0.168053	0.039536	0.013962	0.008097	0.004646	0.003504	0.00301	0.002755	0.00258	0.00244	0.002309	1.800169	2.160202	3.600337	0.938291	12	Athaliana_IBE_9547
WHOLE_GENOME	119482896	16.255539	13.113941	16	4	0	0.01461	0	0.001259	0.040869	0.075104	0.149659	0.281502	0.926772	0.899902	0.838013	0.612298	0.282809	0.086194	0.027975	0.010522	0.006254	0.004523	0.003684	0.003201	0.002895	0.002704	1.477776	4.063885	?	0.910028	10	Athaliana_IBE_9548
NON_ZERO_REGIONS	110733374	17.53996	12.768527	17	4	0	0.01461	0	0.001259	0.040869	0.075104	0.149659	0.281502	1	0.971007	0.904229	0.660678	0.305155	0.093004	0.030186	0.011354	0.006748	0.00488	0.003975	0.003454	0.003123	0.002918	1.461663	1.753996	2.505709	0.981554	17	Athaliana_IBE_9548
WHOLE_GENOME	119482896	10.839611	11.299651	10	3	0	0.016192	0	0.00145	0.042198	0.066632	0.143994	0.270467	0.919398	0.85525	0.564273	0.206326	0.051744	0.017488	0.010303	0.005876	0.004223	0.003444	0.003007	0.002719	0.002505	0.00233	1.806602	5.419805	?	0.875991	9	Athaliana_IBE_9551
NON_ZERO_REGIONS	109852330	11.789901	11.299201	11	3	0	0.016192	0	0.00145	0.042198	0.066632	0.143994	0.270467	1	0.930228	0.613742	0.224415	0.056281	0.019022	0.011206	0.006391	0.004593	0.003746	0.003271	0.002958	0.002725	0.002534	1.684272	2.35798	2.947475	0.952373	13	Athaliana_IBE_9551
WHOLE_GENOME	119482896	12.801933	11.119554	13	3	0	0.013944	0	0.001581	0.04338	0.060433	0.13028	0.249618	0.918923	0.884945	0.73203	0.358407	0.094695	0.023341	0.011037	0.0056	0.004041	0.003303	0.002877	0.002585	0.002372	0.002182	1.600242	4.267311	?	0.894268	10	Athaliana_IBE_9552
NON_ZERO_REGIONS	109795592	13.931452	10.90036	13	3	0	0.013944	0	0.001581	0.04338	0.060433	0.13028	0.249618	1	0.963025	0.796617	0.390029	0.10305	0.0254	0.012011	0.006094	0.004398	0.003594	0.003131	0.002814	0.002581	0.002375	1.547939	1.990207	2.78629	0.972772	16	Athaliana_IBE_9552
WHOLE_GENOME	119482896	10.587895	10.605864	10	3	0	0.015197	0	0.001622	0.044097	0.052353	0.123538	0.236807	0.922132	0.853245	0.548408	0.196354	0.048972	0.015595	0.008396	0.004598	0.003376	0.002803	0.002477	0.002246	0.002045	0.001861	1.764649	5.293948	?	0.874897	9	Athaliana_IBE_9553
NON_ZERO_REGIONS	110179050	11.481969	10.569633	11	3	0	0.015197	0	0.001622	0.044097	0.052353	0.123538	0.236807	1	0.925296	0.594717	0.212935	0.053107	0.016912	0.009105	0.004986	0.003661	0.00304	0.002686	0.002436	0.002218	0.002018	1.640281	2.296394	2.870492	0.948336	13	Athaliana_IBE_9553
WHOLE_GENOME	119482896	13.383586	11.605106	13	3	0	0.0135	0	0.001278	0.042306	0.080178	0.134364	0.271627	0.924958	0.894071	0.758886	0.397769	0.113045	0.028484	0.013362	0.006735	0.004607	0.003621	0.003098	0.002802	0.002625	0.002486	1.487065	3.345897	?	0.903259	10	Athaliana_IBE_9556
NON_ZERO_REGIONS	110516653	14.4694	11.397101	14	3	0	0.0135	0	0.001278	0.042306	0.080178	0.134364	0.271627	1	0.966608	0.820455	0.43004	0.122216	0.030795	0.014446	0.007282	0.00498	0.003915	0.003349	0.003029	0.002838	0.002688	1.44694	1.808675	2.411567	0.976179	16	Athaliana_IBE_9556
WHOLE_GENOME	119482896	11.361491	11.33907	11	4	0	0.016939	0	0.001528	0.043415	0.065386	0.12453	0.2518	0.922533	0.861086	0.59805	0.247216	0.070056	0.022508	0.011709	0.005936	0.004034	0.003225	0.002836	0.002609	0.002435	0.002271	1.893582	5.680746	?	0.881035	9	Athaliana_IBE_9557
NON_ZERO_REGIONS	110226888	12.315542	11.296971	11	3	0	0.016939	0	0.001528	0.043415	0.065386	0.12453	0.2518	1	0.933393	0.64827	0.267975	0.075939	0.024398	0.012692	0.006434	0.004373	0.003495	0.003075	0.002829	0.002639	0.002462	1.759363	2.463108	3.078886	0.954577	13	Athaliana_IBE_9557
WHOLE_GENOME	119482896	12.719374	11.701307	13	3	0	0.015981	0	0.001427	0.044636	0.069122	0.129104	0.26027	0.921245	0.886388	0.720154	0.344278	0.090917	0.023313	0.011216	0.005625	0.004012	0.003339	0.002977	0.002752	0.002583	0.002444	1.589922	4.239791	?	0.895978	10	Athaliana_IBE_9558
NON_ZERO_REGIONS	110072985	13.806727	11.559103	13	3	0	0.015981	0	0.001427	0.044636	0.069122	0.129104	0.26027	1	0.962164	0.781719	0.37371	0.098689	0.025306	0.012175	0.006106	0.004355	0.003624	0.003232	0.002987	0.002804	0.002653	1.534081	1.97239	2.761345	0.972204	16	Athaliana_IBE_9558
WHOLE_GENOME	119482896	10.827857	11.773439	10	3	0	0.017115	0	0.001575	0.054199	0.047356	0.135294	0.255538	0.921717	0.855222	0.560772	0.205033	0.051425	0.016821	0.009401	0.005147	0.003671	0.003073	0.002769	0.002594	0.002476	0.002378	1.804643	5.413929	?	0.876303	9	Athaliana_IBE_9559
NON_ZERO_REGIONS	110129403	11.747487	11.814535	11	3	0	0.017115	0	0.001575	0.054199	0.047356	0.135294	0.255538	1	0.927857	0.608399	0.222447	0.055793	0.01825	0.010199	0.005584	0.003983	0.003334	0.003004	0.002814	0.002686	0.00258	1.678212	2.349497	2.936872	0.950409	13	Athaliana_IBE_9559
WHOLE_GENOME	119482896	9.840154	10.890166	9	3	0	0.014965	0	0.001316	0.049632	0.068304	0.174714	0.308931	0.92511	0.83955	0.479073	0.141336	0.032425	0.012564	0.007829	0.004515	0.003336	0.002835	0.00258	0.002419	0.0023	0.002191	1.968031	4.920077	?	0.870434	9	Athaliana_IBE_9560
NON_ZERO_REGIONS	110534788	10.636742	10.941813	10	3	0	0.014965	0	0.001316	0.049632	0.068304	0.174714	0.308931	1	0.907514	0.517855	0.152778	0.03505	0.013581	0.008462	0.004881	0.003606	0.003064	0.002788	0.002615	0.002487	0.002368	1.77279	2.127348	3.545581	0.940593	12	Athaliana_IBE_9560
WHOLE_GENOME	119482896	13.085817	10.957992	13	3	0	0.013957	0	0.001534	0.057086	0.066989	0.119892	0.259458	0.923592	0.889538	0.748659	0.380914	0.104266	0.026172	0.012406	0.006113	0.004049	0.003184	0.002735	0.002458	0.002227	0.002002	1.635727	4.361939	?	0.900016	10	Athaliana_IBE_9561
NON_ZERO_REGIONS	110353418	14.1684	10.708552	13	3	0	0.013957	0	0.001534	0.057086	0.066989	0.119892	0.259458	1	0.963129	0.810595	0.412427	0.112892	0.028337	0.013433	0.006619	0.004384	0.003447	0.002962	0.002661	0.002411	0.002167	1.41684	1.77105	2.3614	0.97415	16	Athaliana_IBE_9561
WHOLE_GENOME	119482896	9.479768	10.631634	9	3	0	0.015869	0	0.001665	0.053552	0.050984	0.13585	0.257919	0.919449	0.825134	0.45012	0.125575	0.028664	0.011491	0.007163	0.004133	0.003091	0.002661	0.002445	0.002315	0.002201	0.002093	1.895954	4.739884	?	0.858651	8	Athaliana_IBE_9562
NON_ZERO_REGIONS	109858397	10.310274	10.694457	9	3	0	0.015869	0	0.001665	0.053552	0.050984	0.13585	0.257919	1	0.897423	0.489554	0.136577	0.031175	0.012498	0.007791	0.004495	0.003362	0.002894	0.002659	0.002517	0.002394	0.002276	1.718379	2.577569	3.436758	0.933533	12	Athaliana_IBE_9562
WHOLE_GENOME	119482896	10.377166	11.058452	10	3	0	0.017675	0	0.001833	0.057256	0.039282	0.129264	0.24531	0.926148	0.840102	0.514245	0.184013	0.050091	0.018005	0.010133	0.005417	0.003859	0.003172	0.002795	0.002536	0.002336	0.002169	2.075433	5.188583	?	0.869905	9	Athaliana_IBE_9564
NON_ZERO_REGIONS	110658889	11.204648	11.080124	10	3	0	0.017675	0	0.001833	0.057256	0.039282	0.129264	0.24531	1	0.907092	0.555251	0.198686	0.054085	0.01944	0.010941	0.005849	0.004166	0.003425	0.003017	0.002739	0.002522	0.002342	1.867441	2.24093	3.734883	0.938895	12	Athaliana_IBE_9564
WHOLE_GENOME	119482896	10.926911	11.05296	11	3	0	0.016301	0	0.001522	0.052913	0.059079	0.146254	0.276069	0.92025	0.87035	0.597605	0.198704	0.040401	0.013445	0.008147	0.004761	0.003612	0.003055	0.002729	0.002519	0.002381	0.002272	1.560987	3.642304	?	0.883938	9	Athaliana_IBE_9565
NON_ZERO_REGIONS	109954182	11.873846	11.023218	11	3	0	0.016301	0	0.001522	0.052913	0.059079	0.146254	0.276069	1	0.945775	0.649393	0.215923	0.043903	0.01461	0.008853	0.005174	0.003925	0.00332	0.002965	0.002737	0.002588	0.002468	1.484231	1.978974	2.968461	0.960251	14	Athaliana_IBE_9565
WHOLE_GENOME	119482896	11.009242	11.200919	11	3	0	0.014358	0	0.001436	0.048847	0.070756	0.168955	0.304352	0.925503	0.875906	0.604322	0.199524	0.040137	0.013495	0.008037	0.00448	0.003371	0.002912	0.002659	0.0025	0.002382	0.002294	1.572749	3.669747	?	0.890295	10	Athaliana_IBE_9567
NON_ZERO_REGIONS	110581778	11.895415	11.181143	11	3	0	0.014358	0	0.001436	0.048847	0.070756	0.168955	0.304352	1	0.946411	0.652966	0.215584	0.043368	0.014582	0.008684	0.004841	0.003642	0.003146	0.002873	0.002701	0.002574	0.002478	1.486927	1.982569	2.973854	0.961699	14	Athaliana_IBE_9567
WHOLE_GENOME	119482896	11.058537	10.986413	11	4	0	0.016636	0	0.001606	0.055579	0.04818	0.124717	0.246717	0.92392	0.861797	0.582292	0.225828	0.058874	0.01827	0.009602	0.005125	0.003711	0.003077	0.002701	0.002447	0.002244	0.002073	1.843089	3.686179	?	0.881335	9	Athaliana_IBE_9568
NON_ZERO_REGIONS	110392617	11.969152	10.942628	11	3	0	0.016636	0	0.001606	0.055579	0.04818	0.124717	0.246717	1	0.932761	0.63024	0.244424	0.063723	0.019774	0.010393	0.005547	0.004016	0.00333	0.002924	0.002649	0.002429	0.002244	1.709879	2.39383	2.992288	0.953604	13	Athaliana_IBE_9568
WHOLE_GENOME	119482896	12.674724	11.738881	12	3	0	0.013081	0	0.001199	0.051966	0.084562	0.141498	0.292306	0.926379	0.892048	0.719926	0.335301	0.085038	0.021736	0.010771	0.005553	0.003986	0.003263	0.002891	0.002677	0.002524	0.002414	1.58434	3.168681	?	0.902443	10	Athaliana_IBE_9569
NON_ZERO_REGIONS	110686503	13.682	11.617703	13	3	0	0.013081	0	0.001199	0.051966	0.084562	0.141498	0.292306	1	0.962941	0.777139	0.361947	0.091796	0.023463	0.011627	0.005994	0.004303	0.003522	0.003121	0.002889	0.002724	0.002606	1.520222	1.954571	2.7364	0.973919	16	Athaliana_IBE_9569
WHOLE_GENOME	119482896	13.853866	11.936646	14	4	0	0.014108	0	0.001374	0.039979	0.070413	0.145241	0.271115	0.925001	0.894363	0.775086	0.438306	0.138373	0.03505	0.014973	0.006906	0.004411	0.003439	0.003003	0.002764	0.002593	0.002466	1.539318	3.463467	?	0.904258	10	Athaliana_IBE_9571
NON_ZERO_REGIONS	110521769	14.97714	11.713782	14	3	0	0.014108	0	0.001374	0.039979	0.070413	0.145241	0.271115	1	0.966879	0.83793	0.473844	0.149593	0.037892	0.016187	0.007466	0.004769	0.003718	0.003247	0.002988	0.002804	0.002666	1.497714	1.872143	2.49619	0.977326	16	Athaliana_IBE_9571
WHOLE_GENOME	119482896	14.013311	12.099494	14	4	0	0.013789	0	0.001167	0.039463	0.090531	0.132891	0.277841	0.924222	0.892267	0.770948	0.450814	0.154314	0.040594	0.01627	0.007353	0.004785	0.003696	0.003142	0.002824	0.002612	0.002466	1.557035	3.503328	?	0.90333	10	Athaliana_IBE_9573
NON_ZERO_REGIONS	110428726	15.162278	11.873505	14	3	0	0.013789	0	0.001167	0.039463	0.090531	0.132891	0.277841	1	0.965425	0.834159	0.487777	0.166967	0.043922	0.017604	0.007956	0.005177	0.003999	0.0034	0.003055	0.002826	0.002668	1.516228	1.895285	2.527046	0.977141	16	Athaliana_IBE_9573
WHOLE_GENOME	119482896	11.127151	11.819369	11	4	0	0.014183	0	0.001115	0.037034	0.089881	0.138295	0.280507	0.922548	0.858135	0.579283	0.228394	0.061114	0.01929	0.010295	0.005451	0.003879	0.003203	0.002873	0.002668	0.002532	0.00243	1.854525	5.563576	?	0.882013	9	Athaliana_IBE_9576
NON_ZERO_REGIONS	110228712	12.061324	11.838849	11	3	0	0.014183	0	0.001115	0.037034	0.089881	0.138295	0.280507	1	0.930179	0.627917	0.247568	0.066244	0.02091	0.01116	0.005909	0.004204	0.003472	0.003114	0.002892	0.002744	0.002634	1.723046	2.412265	3.015331	0.955811	14	Athaliana_IBE_9576
WHOLE_GENOME	119482896	12.690538	11.849601	12	3	0	0.014601	0	0.001487	0.039147	0.067077	0.15734	0.279651	0.923319	0.888689	0.720786	0.33724	0.085918	0.022802	0.011705	0.00591	0.004075	0.003288	0.002867	0.002619	0.002471	0.002369	1.586317	4.230179	?	0.898638	10	Athaliana_IBE_9577
NON_ZERO_REGIONS	110320877	13.744473	11.729809	13	3	0	0.014601	0	0.001487	0.039147	0.067077	0.15734	0.279651	1	0.962494	0.780647	0.365248	0.093053	0.024696	0.012677	0.006401	0.004413	0.003561	0.003105	0.002836	0.002676	0.002565	1.527164	1.963496	2.748895	0.973016	16	Athaliana_IBE_9577
WHOLE_GENOME	119482896	10.207244	11.258457	10	3	0	0.01484	0	0.001172	0.036519	0.098738	0.146733	0.298002	0.921771	0.836362	0.50768	0.171115	0.042452	0.015207	0.009036	0.005057	0.003625	0.003008	0.002704	0.002515	0.002386	0.002271	2.041449	5.103622	?	0.8713	9	Athaliana_IBE_9578
NON_ZERO_REGIONS	110135875	11.073513	11.310061	10	3	0	0.01484	0	0.001172	0.036519	0.098738	0.146733	0.298002	1	0.907343	0.550766	0.185637	0.046054	0.016497	0.009803	0.005486	0.003933	0.003263	0.002934	0.002728	0.002588	0.002464	1.845586	2.214703	3.691171	0.944941	13	Athaliana_IBE_9578
WHOLE_GENOME	119482896	11.939027	11.160475	12	3	0	0.015191	0	0.001562	0.043757	0.055919	0.129843	0.246273	0.922554	0.883767	0.675158	0.27796	0.063663	0.017754	0.009715	0.005298	0.003829	0.003193	0.002867	0.002656	0.002482	0.002312	1.705575	3.979676	?	0.893656	10	Athaliana_IBE_9579
NON_ZERO_REGIONS	110229388	12.941281	11.04726	12	3	0	0.015191	0	0.001562	0.043757	0.055919	0.129843	0.246273	1	0.957957	0.731836	0.301294	0.069008	0.019244	0.010531	0.005742	0.00415	0.003461	0.003108	0.002879	0.002691	0.002506	1.43792	1.848754	2.588256	0.968417	15	Athaliana_IBE_9579
WHOLE_GENOME	119482896	12.549213	11.652225	12	3	0	0.013295	0	0.001346	0.042964	0.069093	0.162024	0.288722	0.927196	0.891555	0.714378	0.324623	0.079807	0.020347	0.01034	0.005457	0.003906	0.003142	0.002782	0.002591	0.002464	0.002371	1.568652	3.137303	?	0.901601	10	Athaliana_IBE_9581
NON_ZERO_REGIONS	110784011	13.534591	11.536846	13	3	0	0.013295	0	0.001346	0.042964	0.069093	0.162024	0.288722	1	0.961561	0.770472	0.350113	0.086074	0.021944	0.011152	0.005885	0.004212	0.003388	0.003	0.002795	0.002658	0.002558	1.503843	1.933513	2.706918	0.97212	16	Athaliana_IBE_9581
WHOLE_GENOME	119482896	12.936245	11.94641	12	4	0	0.017383	0	0.001503	0.041895	0.065496	0.125284	0.25156	0.925336	0.88172	0.695322	0.36	0.122162	0.036896	0.016033	0.007398	0.004792	0.003679	0.003125	0.002803	0.002588	0.002421	1.848035	4.312082	?	0.89586	10	Athaliana_IBE_9582
NON_ZERO_REGIONS	110561876	13.980045	11.816931	13	4	0	0.017383	0	0.001503	0.041895	0.065496	0.125284	0.25156	1	0.952864	0.751426	0.389048	0.132019	0.039873	0.017327	0.007995	0.005179	0.003976	0.003377	0.003029	0.002797	0.002617	1.553338	1.997149	2.796009	0.967864	15	Athaliana_IBE_9582
WHOLE_GENOME	119482896	10.152834	10.953067	9	3	0	0.016667	0	0.001462	0.043533	0.054448	0.149804	0.265914	0.930354	0.83823	0.49602	0.16946	0.044587	0.015806	0.008973	0.00498	0.003659	0.003057	0.002712	0.002476	0.00228	0.002102	2.030567	5.076417	?	0.871485	9	Athaliana_IBE_9584
NON_ZERO_REGIONS	111161427	10.912868	10.984369	10	3	0	0.016667	0	0.001462	0.043533	0.054448	0.149804	0.265914	1	0.900979	0.533151	0.182146	0.047924	0.016989	0.009645	0.005353	0.003933	0.003286	0.002915	0.002661	0.002451	0.002259	1.818811	2.182574	3.637623	0.936335	12	Athaliana_IBE_9584
WHOLE_GENOME	119482896	13.375254	11.810457	13	3	0	0.011722	0	0.001226	0.040113	0.075192	0.184833	0.313086	0.922794	0.893131	0.759958	0.401206	0.114289	0.027292	0.011843	0.005525	0.003754	0.003061	0.002754	0.002582	0.002459	0.00236	1.486139	3.343813	?	0.901898	10	Athaliana_IBE_9585
NON_ZERO_REGIONS	110258075	14.494304	11.616252	14	3	0	0.011722	0	0.001226	0.040113	0.075192	0.184833	0.313086	1	0.967855	0.823541	0.434773	0.123851	0.029576	0.012833	0.005987	0.004068	0.003317	0.002984	0.002798	0.002665	0.002558	1.44943	1.811788	2.415717	0.977105	16	Athaliana_IBE_9585
WHOLE_GENOME	119482896	10.584791	11.092865	10	4	0	0.013981	0	0.000922	0.036275	0.120817	0.12142	0.293415	0.920421	0.835616	0.535564	0.206731	0.05619	0.01822	0.009815	0.005163	0.003634	0.002996	0.002658	0.002449	0.002278	0.002136	2.116958	5.292395	?	0.873681	9	Athaliana_IBE_9586
NON_ZERO_REGIONS	109974516	11.49995	11.098035	11	3	0	0.013981	0	0.000922	0.036275	0.120817	0.12142	0.293415	1	0.907863	0.581869	0.224605	0.061048	0.019795	0.010664	0.00561	0.003948	0.003255	0.002888	0.00266	0.002475	0.002321	1.64285	2.29999	3.833317	0.948955	13	Athaliana_IBE_9586
WHOLE_GENOME	119482896	11.655832	10.922785	11	3	0	0.014051	0	0.001355	0.044672	0.06685	0.150867	0.277795	0.929375	0.889966	0.658313	0.248286	0.053049	0.01556	0.008492	0.00448	0.003371	0.002932	0.002692	0.002537	0.002407	0.002284	1.665119	2.913958	?	0.899558	10	Athaliana_IBE_9587
NON_ZERO_REGIONS	111044432	12.54158	10.828893	12	3	0	0.014051	0	0.001355	0.044672	0.06685	0.150867	0.277795	1	0.957596	0.708339	0.267154	0.05708	0.016743	0.009137	0.00482	0.003627	0.003154	0.002896	0.002729	0.00259	0.002458	1.567697	1.791654	2.508316	0.967668	15	Athaliana_IBE_9587
WHOLE_GENOME	119482896	11.324316	11.77447	11	4	0	0.016592	0	0.001618	0.043596	0.055161	0.145511	0.262478	0.92126	0.859679	0.591997	0.240962	0.067473	0.022424	0.012214	0.006379	0.004326	0.003434	0.002961	0.002703	0.002538	0.002415	1.887386	5.662158	?	0.879297	9	Athaliana_IBE_9588
NON_ZERO_REGIONS	110074846	12.2922	11.772428	11	3	0	0.016592	0	0.001618	0.043596	0.055161	0.145511	0.262478	1	0.933156	0.642595	0.261557	0.07324	0.024341	0.013257	0.006924	0.004696	0.003728	0.003214	0.002934	0.002755	0.002621	1.756029	2.45844	3.07305	0.954145	13	Athaliana_IBE_9588
WHOLE_GENOME	119482896	11.65392	10.773576	11	3	0	0.01389	0	0.001411	0.041268	0.073045	0.147953	0.277567	0.925508	0.883487	0.663495	0.252799	0.053532	0.015824	0.008898	0.004733	0.003442	0.002911	0.002639	0.002464	0.00231	0.00216	1.664846	3.88464	?	0.895234	10	Athaliana_IBE_9589
NON_ZERO_REGIONS	110582339	12.591921	10.658375	12	3	0	0.01389	0	0.001411	0.041268	0.073045	0.147953	0.277567	1	0.954597	0.716899	0.273146	0.057841	0.017098	0.009614	0.005114	0.003719	0.003145	0.002851	0.002662	0.002496	0.002334	1.57399	1.798846	2.518384	0.966979	15	Athaliana_IBE_9589
WHOLE_GENOME	119482896	12.295338	11.504791	12	4	0	0.0155	0	0.001419	0.043219	0.057848	0.141881	0.259868	0.924699	0.875283	0.665698	0.314382	0.095822	0.028053	0.01318	0.006633	0.004548	0.003606	0.003083	0.002768	0.002543	0.002352	1.756477	4.098446	?	0.890863	10	Athaliana_IBE_9590
NON_ZERO_REGIONS	110485688	13.296588	11.394101	12	3	0	0.0155	0	0.001419	0.043219	0.057848	0.141881	0.259868	1	0.94656	0.719908	0.339983	0.103625	0.030337	0.014253	0.007174	0.004918	0.0039	0.003334	0.002993	0.00275	0.002543	1.662073	2.216098	3.324147	0.963065	14	Athaliana_IBE_9590
WHOLE_GENOME	119482896	11.354252	11.159189	11	3	0	0.014108	0	0.001171	0.041141	0.102135	0.156779	0.315334	0.922429	0.874215	0.630047	0.232512	0.050476	0.015771	0.009015	0.004856	0.003637	0.003128	0.002845	0.002638	0.00248	0.002343	1.622036	3.784751	?	0.889941	10	Athaliana_IBE_9591
NON_ZERO_REGIONS	110214488	12.30908	11.101644	12	3	0	0.014108	0	0.001171	0.041141	0.102135	0.156779	0.315334	1	0.947731	0.68303	0.252065	0.054721	0.017098	0.009773	0.005264	0.003943	0.003392	0.003084	0.00286	0.002689	0.00254	1.538635	2.051513	3.07727	0.964477	14	Athaliana_IBE_9591
WHOLE_GENOME	119482896	13.71164	12.324491	13	4	0	0.01536	0	0.001224	0.056975	0.06317	0.131464	0.268192	0.937192	0.901129	0.737705	0.409308	0.148276	0.043938	0.016857	0.007105	0.004646	0.003601	0.003109	0.00283	0.002653	0.002515	1.713955	2.742328	?	0.911431	11	Athaliana_IBE_9592
NON_ZERO_REGIONS	111978442	14.630553	12.191321	14	4	0	0.01536	0	0.001224	0.056975	0.06317	0.131464	0.268192	1	0.96152	0.787144	0.436738	0.158213	0.046882	0.017987	0.007581	0.004957	0.003843	0.003317	0.003019	0.002831	0.002684	1.625617	2.090079	2.926111	0.972177	16	Athaliana_IBE_9592
WHOLE_GENOME	119482896	15.826787	13.598034	15	5	0	0.016394	0	0.001253	0.053131	0.08831	0.114751	0.273839	0.925575	0.89221	0.784705	0.54339	0.276478	0.108853	0.041398	0.013136	0.007624	0.005293	0.004141	0.003494	0.003096	0.002838	1.758532	3.956697	?	0.904803	10	Athaliana_IBE_9593
NON_ZERO_REGIONS	110590431	17.099403	13.342178	16	4	0	0.016394	0	0.001253	0.053131	0.08831	0.114751	0.273839	1	0.963951	0.847803	0.587083	0.298709	0.117605	0.044727	0.014192	0.008237	0.005719	0.004474	0.003775	0.003345	0.003066	1.554491	2.137425	2.8499	0.977234	16	Athaliana_IBE_9593
WHOLE_GENOME	119482896	12.293541	11.342599	12	3	0	0.015906	0	0.001661	0.061948	0.052543	0.149655	0.281713	0.929573	0.889324	0.699149	0.301454	0.071889	0.02011	0.010767	0.005603	0.003995	0.003267	0.002889	0.002658	0.002498	0.002373	1.536693	3.073385	?	0.899675	10	Athaliana_IBE_9594
NON_ZERO_REGIONS	111068054	13.224936	11.228721	12	3	0	0.015906	0	0.001661	0.061948	0.052543	0.149655	0.281713	1	0.956701	0.752119	0.324293	0.077336	0.021633	0.011583	0.006028	0.004298	0.003514	0.003107	0.002859	0.002687	0.002552	1.469437	1.889277	2.644987	0.967382	15	Athaliana_IBE_9594
WHOLE_GENOME	119482896	10.47157	11.07628	10	3	0	0.015129	0	0.001588	0.059627	0.054435	0.137396	0.268174	0.921993	0.853598	0.536928	0.180808	0.042701	0.014576	0.008505	0.004832	0.003634	0.003066	0.002746	0.002531	0.002379	0.002243	1.745262	5.235785	?	0.874612	9	Athaliana_IBE_9595
NON_ZERO_REGIONS	110162386	11.357538	11.090603	10	3	0	0.015129	0	0.001588	0.059627	0.054435	0.137396	0.268174	1	0.925818	0.582356	0.196106	0.046313	0.01581	0.009224	0.005241	0.003941	0.003326	0.002979	0.002745	0.002581	0.002432	1.622505	2.271508	2.839385	0.948224	13	Athaliana_IBE_9595
WHOLE_GENOME	119482896	9.250599	10.006105	9	3	0	0.016056	0	0.001563	0.058453	0.061534	0.134298	0.271904	0.921188	0.843476	0.442867	0.093646	0.017668	0.007992	0.005387	0.003571	0.002941	0.002621	0.002366	0.002128	0.001891	0.001677	1.85012	4.625299	?	0.866702	9	Athaliana_IBE_9596
NON_ZERO_REGIONS	110066161	10.042036	10.036955	9	2	0	0.016056	0	0.001563	0.058453	0.061534	0.134298	0.271904	1	0.91564	0.480757	0.101658	0.01918	0.008676	0.005848	0.003876	0.003193	0.002845	0.002568	0.00231	0.002053	0.00182	1.673673	2.008407	2.510509	0.940463	12	Athaliana_IBE_9596
WHOLE_GENOME	119482896	12.479902	11.778316	12	3	0	0.014245	0	0.001221	0.056192	0.077289	0.1467	0.295647	0.92829	0.892123	0.705703	0.313001	0.07754	0.021988	0.012032	0.006295	0.004245	0.003325	0.002867	0.002615	0.002464	0.002365	1.559988	3.119976	?	0.902004	10	Athaliana_IBE_9597
NON_ZERO_REGIONS	110914734	13.443975	11.682661	13	3	0	0.014245	0	0.001221	0.056192	0.077289	0.1467	0.295647	1	0.96104	0.760218	0.33718	0.08353	0.023687	0.012961	0.006782	0.004573	0.003582	0.003089	0.002817	0.002654	0.002548	1.493775	1.920568	2.688795	0.971345	15	Athaliana_IBE_9597
WHOLE_GENOME	119482896	13.314175	11.260182	13	3	0	0.013837	0	0.001418	0.058447	0.05868	0.126651	0.259033	0.923277	0.892982	0.757227	0.39798	0.113843	0.027912	0.012345	0.00592	0.004024	0.003217	0.002802	0.00257	0.002408	0.002262	1.479353	3.328544	?	0.901212	10	Athaliana_IBE_9599
NON_ZERO_REGIONS	110315787	14.420566	11.016948	14	3	0	0.013837	0	0.001418	0.058447	0.05868	0.126651	0.259033	1	0.967187	0.820152	0.431052	0.123303	0.030231	0.013371	0.006412	0.004358	0.003485	0.003034	0.002783	0.002608	0.00245	1.442057	1.802571	2.403428	0.975759	16	Athaliana_IBE_9599
WHOLE_GENOME	119482896	13.079934	11.538787	13	3	0	0.014758	0	0.001568	0.061394	0.052296	0.14456	0.274577	0.926865	0.896352	0.746829	0.36844	0.098087	0.024846	0.012044	0.006134	0.004286	0.003438	0.002967	0.002699	0.002521	0.002394	1.634992	3.269983	?	0.903616	10	Athaliana_IBE_9601
NON_ZERO_REGIONS	110744485	14.11202	11.361542	13	3	0	0.014758	0	0.001568	0.061394	0.052296	0.14456	0.274577	1	0.96708	0.805758	0.397512	0.105827	0.026806	0.012994	0.006619	0.004624	0.003709	0.003201	0.002912	0.00272	0.002582	1.411202	1.764002	2.352003	0.974572	16	Athaliana_IBE_9601
WHOLE_GENOME	119482896	17.531012	13.307476	17	5	0	0.0122	0	0.000818	0.024716	0.137686	0.098465	0.273885	0.936026	0.900949	0.838916	0.661243	0.381283	0.153715	0.051101	0.0135	0.007774	0.005374	0.004175	0.003473	0.003041	0.00276	1.593728	3.506202	?	0.917502	11	Athaliana_IBE_9602
NON_ZERO_REGIONS	111839152	18.729185	12.913227	18	4	0	0.0122	0	0.000818	0.024716	0.137686	0.098465	0.273885	1	0.962525	0.896253	0.706437	0.407342	0.164221	0.054593	0.014422	0.008306	0.005741	0.00446	0.00371	0.003249	0.002948	1.440707	2.081021	3.121531	0.979939	17	Athaliana_IBE_9602
WHOLE_GENOME	119482896	12.545266	11.910437	12	4	0	0.01845	0	0.001026	0.021981	0.13532	0.065371	0.242149	0.927037	0.86257	0.638019	0.331802	0.126275	0.04644	0.022858	0.010745	0.006495	0.004474	0.00338	0.002701	0.002228	0.001904	2.090878	4.181755	?	0.89205	10	Athaliana_IBE_9817
NON_ZERO_REGIONS	110765055	13.53265	11.817853	12	4	0	0.01845	0	0.001026	0.021981	0.13532	0.065371	0.242149	1	0.930459	0.688235	0.357916	0.136213	0.050096	0.024657	0.011591	0.007007	0.004826	0.003646	0.002913	0.002403	0.002053	1.691581	2.70653	3.383163	0.962049	14	Athaliana_IBE_9817
WHOLE_GENOME	119482896	9.183883	10.324582	9	3	0	0.016198	0	0.000738	0.020926	0.193232	0.085748	0.316842	0.923295	0.80536	0.417429	0.117571	0.029926	0.013283	0.008514	0.004879	0.003517	0.002859	0.002401	0.002042	0.00173	0.001507	1.836777	4.591942	?	0.868991	9	Athaliana_IBE_9819
NON_ZERO_REGIONS	110317970	9.946856	10.385741	9	3	0	0.016198	0	0.000738	0.020926	0.193232	0.085748	0.316842	1	0.872267	0.452108	0.127339	0.032412	0.014387	0.009222	0.005284	0.00381	0.003097	0.002601	0.002212	0.001873	0.001632	1.657809	2.486714	3.315619	0.940973	12	Athaliana_IBE_9819
WHOLE_GENOME	119482896	9.687063	10.22242	9	3	0	0.015983	0	0.00105	0.021763	0.143767	0.069327	0.25189	0.918543	0.827484	0.474476	0.142304	0.033775	0.013553	0.008255	0.004498	0.003167	0.002526	0.002101	0.001795	0.001557	0.001392	1.937413	4.843532	?	0.869742	9	Athaliana_IBE_9820
NON_ZERO_REGIONS	109750191	10.546117	10.232551	10	3	0	0.015983	0	0.00105	0.021763	0.143767	0.069327	0.25189	1	0.900866	0.516553	0.154923	0.03677	0.014755	0.008988	0.004896	0.003448	0.00275	0.002287	0.001954	0.001695	0.001515	1.757686	2.109223	3.515372	0.946649	13	Athaliana_IBE_9820
WHOLE_GENOME	119482896	13.622117	12.421928	13	5	0	0.016852	0	0.00071	0.021244	0.177894	0.067677	0.284376	0.924284	0.873232	0.685266	0.400546	0.176574	0.067885	0.029269	0.011427	0.006908	0.004895	0.003848	0.003202	0.002743	0.002394	1.946017	4.540706	?	0.898493	10	Athaliana_IBE_9821
NON_ZERO_REGIONS	110436138	14.73802	12.267782	13	4	0	0.016852	0	0.00071	0.021244	0.177894	0.067677	0.284376	1	0.944766	0.741402	0.433358	0.191039	0.073447	0.031666	0.012363	0.007474	0.005296	0.004163	0.003465	0.002968	0.00259	1.842253	2.456337	3.684505	0.97195	16	Athaliana_IBE_9821
WHOLE_GENOME	119482896	10.907322	11.351417	10	4	0	0.018098	0	0.000832	0.020681	0.146965	0.084951	0.271525	0.919902	0.833434	0.542724	0.229211	0.072655	0.026302	0.014184	0.007373	0.004941	0.003738	0.003038	0.002571	0.002237	0.001968	2.181464	5.453661	?	0.875865	9	Athaliana_IBE_9822
NON_ZERO_REGIONS	109912555	11.857048	11.349599	11	4	0	0.018098	0	0.000832	0.020681	0.146965	0.084951	0.271525	1	0.906003	0.589981	0.249169	0.078981	0.028592	0.015419	0.008015	0.005371	0.004064	0.003302	0.002795	0.002432	0.002139	1.693864	2.37141	3.952349	0.95193	13	Athaliana_IBE_9822
WHOLE_GENOME	119482896	7.480764	10.066303	7	3	0	0.017211	0	0.000803	0.020265	0.16723	0.095905	0.301414	0.9209	0.699512	0.259467	0.061034	0.018393	0.009366	0.006211	0.003824	0.002961	0.002494	0.002162	0.001904	0.001688	0.001526	2.493588	7.480764	?	0.824557	8	Athaliana_IBE_9823
NON_ZERO_REGIONS	110031813	8.123317	10.237894	7	3	0	0.017211	0	0.000803	0.020265	0.16723	0.095905	0.301414	1	0.759596	0.281754	0.066276	0.019973	0.010171	0.006744	0.004152	0.003215	0.002708	0.002348	0.002068	0.001833	0.001657	2.030829	2.707772	4.061659	0.895059	10	Athaliana_IBE_9823
WHOLE_GENOME	119482896	7.075765	9.939514	6	3	0	0.016275	0	0.000806	0.020759	0.183229	0.101946	0.323014	0.911752	0.672044	0.22881	0.048609	0.014679	0.008005	0.005551	0.00368	0.002932	0.002497	0.002181	0.001941	0.001732	0.001545	2.358588	7.075765	?	0.810825	7	Athaliana_IBE_9824
NON_ZERO_REGIONS	108938736	7.760626	10.150922	7	3	0	0.016275	0	0.000806	0.020759	0.183229	0.101946	0.323014	1	0.737091	0.250957	0.053314	0.0161	0.00878	0.006088	0.004036	0.003216	0.002738	0.002393	0.002128	0.0019	0.001694	1.940157	2.586875	3.880313	0.888946	10	Athaliana_IBE_9824
WHOLE_GENOME	119482896	12.097079	12.192282	11	4	0	0.017277	0	0.000882	0.020929	0.157543	0.077979	0.27461	0.922545	0.847739	0.597626	0.300901	0.117241	0.045077	0.022485	0.010752	0.006926	0.005028	0.003952	0.003231	0.002725	0.002346	2.01618	6.048539	?	0.884733	9	Athaliana_IBE_9825
NON_ZERO_REGIONS	110228403	13.112718	12.157893	12	4	0	0.017277	0	0.000882	0.020929	0.157543	0.077979	0.27461	1	0.918913	0.647801	0.326164	0.127085	0.048861	0.024372	0.011655	0.007507	0.00545	0.004284	0.003502	0.002954	0.002543	1.873245	2.622544	4.370906	0.958833	14	Athaliana_IBE_9825
WHOLE_GENOME	119482896	10.662536	11.412672	10	4	0	0.017037	0	0.000792	0.020398	0.163654	0.087377	0.289258	0.925612	0.824399	0.514023	0.213927	0.070689	0.027141	0.014929	0.00761	0.005021	0.003777	0.003053	0.002538	0.002173	0.001913	2.132507	5.331268	?	0.876992	9	Athaliana_IBE_9826
NON_ZERO_REGIONS	110594777	11.519447	11.438777	10	4	0	0.017037	0	0.000792	0.020398	0.163654	0.087377	0.289258	1	0.890653	0.555333	0.231119	0.07637	0.029322	0.016129	0.008222	0.005424	0.004081	0.003299	0.002742	0.002348	0.002067	1.919908	2.879862	3.839816	0.947279	13	Athaliana_IBE_9826
WHOLE_GENOME	119482896	11.608704	11.398823	11	4	0	0.017008	0	0.00099	0.023122	0.116077	0.078973	0.236169	0.926432	0.853751	0.587205	0.27193	0.09339	0.032988	0.016267	0.007759	0.005016	0.003773	0.003061	0.002554	0.002164	0.001876	1.934784	3.869568	?	0.885816	9	Athaliana_IBE_9827
NON_ZERO_REGIONS	110692813	12.530547	11.344599	11	4	0	0.017008	0	0.00099	0.023122	0.116077	0.078973	0.236169	1	0.921547	0.633835	0.293524	0.100806	0.035607	0.017559	0.008376	0.005415	0.004072	0.003304	0.002757	0.002336	0.002025	1.790078	2.506109	3.132637	0.955965	14	Athaliana_IBE_9827
WHOLE_GENOME	119482896	10.176798	11.018655	9	4	0	0.018514	0	0.00106	0.022315	0.109941	0.083123	0.234953	0.920244	0.815671	0.485671	0.186239	0.058001	0.022346	0.012352	0.006278	0.004162	0.003238	0.002709	0.002339	0.002042	0.001798	2.03536	5.088399	?	0.864292	9	Athaliana_IBE_9828
NON_ZERO_REGIONS	109953455	11.058801	11.053474	10	3	0	0.018514	0	0.00106	0.022315	0.109941	0.083123	0.234953	1	0.886363	0.527764	0.20238	0.063028	0.024282	0.013423	0.006822	0.004522	0.003519	0.002944	0.002542	0.002219	0.001954	1.843133	2.7647	3.686267	0.938981	12	Athaliana_IBE_9828
WHOLE_GENOME	119482896	9.152457	10.454298	8	3	0	0.017026	0	0.001187	0.021841	0.106017	0.102795	0.248866	0.91898	0.797377	0.412147	0.121118	0.03218	0.013872	0.008618	0.004813	0.003452	0.002821	0.00244	0.002156	0.001932	0.001731	2.288114	4.576228	?	0.853289	8	Athaliana_IBE_9830
NON_ZERO_REGIONS	109802416	9.959362	10.530508	9	3	0	0.017026	0	0.001187	0.021841	0.106017	0.102795	0.248866	1	0.867676	0.448483	0.131797	0.035017	0.015095	0.009378	0.005237	0.003757	0.00307	0.002655	0.002346	0.002102	0.001884	1.991872	2.489841	3.319787	0.928273	11	Athaliana_IBE_9830
WHOLE_GENOME	119482896	10.14644	11.114678	9	4	0	0.016881	0	0.000832	0.021928	0.186684	0.069157	0.295482	0.91671	0.806809	0.481808	0.1889	0.060002	0.023081	0.012799	0.006594	0.004396	0.003362	0.002782	0.0024	0.002111	0.001884	2.029288	10.14644	?	0.865875	9	Athaliana_IBE_9831
NON_ZERO_REGIONS	109531162	11.06832	11.160492	10	3	0	0.016881	0	0.000832	0.021928	0.186684	0.069157	0.295482	1	0.880114	0.525584	0.206063	0.065453	0.025178	0.013962	0.007193	0.004795	0.003667	0.003034	0.002618	0.002303	0.002056	1.84472	2.76708	3.68944	0.944307	13	Athaliana_IBE_9831
WHOLE_GENOME	119482896	10.46399	10.727423	10	4	0	0.018024	0	0.001179	0.022221	0.113084	0.078113	0.232621	0.923272	0.843426	0.526454	0.1917	0.052066	0.019031	0.010913	0.005641	0.003771	0.002854	0.002295	0.001918	0.001671	0.001528	2.092798	5.231995	?	0.877732	9	Athaliana_IBE_9833
NON_ZERO_REGIONS	110315201	11.333595	10.713792	10	3	0	0.018024	0	0.001179	0.022221	0.113084	0.078113	0.232621	1	0.913519	0.570205	0.207631	0.056392	0.020613	0.01182	0.00611	0.004085	0.003092	0.002485	0.002077	0.00181	0.001655	1.619085	2.266719	3.777865	0.950481	13	Athaliana_IBE_9833
WHOLE_GENOME	119482896	10.353176	11.042612	10	4	0	0.017845	0	0.000883	0.02121	0.174865	0.065314	0.280117	0.921501	0.828486	0.509258	0.187639	0.053107	0.020823	0.012572	0.00685	0.004641	0.003506	0.002814	0.002344	0.002001	0.001758	2.070635	5.176588	?	0.875974	9	Athaliana_IBE_9834
NON_ZERO_REGIONS	110103596	11.235123	11.064268	10	3	0	0.017845	0	0.000883	0.02121	0.174865	0.065314	0.280117	1	0.899061	0.55264	0.203623	0.057631	0.022597	0.013643	0.007433	0.005036	0.003804	0.003053	0.002543	0.002171	0.001907	1.87252	2.808781	3.745041	0.950386	13	Athaliana_IBE_9834
WHOLE_GENOME	119482896	13.335745	11.903924	13	4	0	0.01678	0	0.000987	0.022754	0.136195	0.058401	0.235116	0.923633	0.874424	0.686269	0.390212	0.15829	0.055687	0.024326	0.010171	0.006111	0.004321	0.00341	0.002833	0.00241	0.002078	1.905106	4.445248	?	0.89596	10	Athaliana_IBE_9835
NON_ZERO_REGIONS	110358300	14.438365	11.726024	13	4	0	0.01678	0	0.000987	0.022754	0.136195	0.058401	0.235116	1	0.946723	0.743011	0.422475	0.171378	0.060292	0.026337	0.011011	0.006617	0.004679	0.003692	0.003068	0.002609	0.00225	1.804796	2.406394	3.609591	0.969865	15	Athaliana_IBE_9835
WHOLE_GENOME	119482896	10.314666	11.101957	9	4	0	0.020611	0	0.001165	0.02297	0.124715	0.071814	0.241276	0.922303	0.82198	0.496338	0.188682	0.057994	0.023621	0.013942	0.00735	0.004738	0.003484	0.002736	0.002273	0.001947	0.001715	2.062933	5.157333	?	0.869193	9	Athaliana_IBE_9836
NON_ZERO_REGIONS	110199487	11.183592	11.131884	10	3	0	0.020611	0	0.001165	0.02297	0.124715	0.071814	0.241276	1	0.891225	0.53815	0.204577	0.06288	0.025611	0.015116	0.007969	0.005138	0.003778	0.002967	0.002465	0.002111	0.001859	1.863932	2.795898	3.727864	0.942186	12	Athaliana_IBE_9836
WHOLE_GENOME	119482896	9.193436	10.382522	8	3	0	0.019037	0	0.001023	0.020787	0.13707	0.073579	0.251496	0.919788	0.799252	0.416791	0.123611	0.032714	0.014029	0.008876	0.005068	0.003552	0.002704	0.002135	0.001753	0.001532	0.001414	2.298359	4.596718	?	0.858961	9	Athaliana_IBE_9838
NON_ZERO_REGIONS	109898989	9.995164	10.449112	9	3	0	0.019037	0	0.001023	0.020787	0.13707	0.073579	0.251496	1	0.868952	0.453138	0.134391	0.035567	0.015252	0.00965	0.00551	0.003861	0.00294	0.002321	0.001906	0.001666	0.001537	1.665861	2.498791	3.331721	0.933652	12	Athaliana_IBE_9838
WHOLE_GENOME	119482896	10.042187	10.605537	9	4	0	0.017442	0	0.001056	0.021194	0.125005	0.087855	0.252552	0.920109	0.820323	0.484386	0.175269	0.050826	0.019992	0.011712	0.005904	0.003745	0.002762	0.002204	0.001842	0.001593	0.001428	2.008437	5.021093	?	0.867192	9	Athaliana_IBE_9839
NON_ZERO_REGIONS	109937265	10.914129	10.617303	10	3	0	0.017442	0	0.001056	0.021194	0.125005	0.087855	0.252552	1	0.89155	0.526444	0.190487	0.05524	0.021728	0.012729	0.006417	0.00407	0.003002	0.002396	0.002002	0.001732	0.001552	1.819022	2.728532	3.638043	0.94228	12	Athaliana_IBE_9839
WHOLE_GENOME	119482896	11.41843	11.483648	11	4	0	0.019208	0	0.001237	0.023744	0.11455	0.089453	0.248192	0.921424	0.850973	0.578365	0.253295	0.083237	0.031295	0.017154	0.008675	0.005527	0.004001	0.003141	0.002585	0.002188	0.001907	1.903072	5.709215	?	0.881187	9	Athaliana_IBE_9840
NON_ZERO_REGIONS	110094365	12.392161	11.447855	11	4	0	0.019208	0	0.001237	0.023744	0.11455	0.089453	0.248192	1	0.923542	0.627686	0.274895	0.090336	0.033963	0.018617	0.009414	0.005998	0.004342	0.003409	0.002805	0.002374	0.00207	1.770309	2.478432	3.09804	0.956142	14	Athaliana_IBE_9840
WHOLE_GENOME	119482896	11.486529	11.699866	11	4	0	0.018217	0	0.001192	0.023137	0.101857	0.100309	0.244712	0.922398	0.854101	0.584471	0.258737	0.083776	0.029279	0.0151	0.007618	0.00509	0.003913	0.003271	0.002865	0.002565	0.002313	1.914421	5.743264	?	0.882284	9	Athaliana_IBE_9841
NON_ZERO_REGIONS	110210766	12.4529	11.67772	11	4	0	0.018217	0	0.001192	0.023137	0.101857	0.100309	0.244712	1	0.925957	0.633643	0.280505	0.090824	0.031742	0.01637	0.008259	0.005518	0.004242	0.003546	0.003106	0.002781	0.002507	1.778986	2.49058	3.113225	0.956322	14	Athaliana_IBE_9841
WHOLE_GENOME	119482896	10.581816	10.945902	10	4	0	0.017828	0	0.00097	0.046693	0.137044	0.08581	0.288345	0.9235	0.842762	0.528997	0.197889	0.056154	0.021308	0.012416	0.00654	0.004396	0.003348	0.002713	0.002289	0.001982	0.001749	2.116363	5.290908	?	0.878088	9	Athaliana_IBE_9843
NON_ZERO_REGIONS	110342492	11.458378	10.940461	10	3	0	0.017828	0	0.00097	0.046693	0.137044	0.08581	0.288345	1	0.912574	0.572817	0.214281	0.060806	0.023073	0.013445	0.007082	0.00476	0.003625	0.002938	0.002479	0.002146	0.001894	1.636911	2.291676	3.819459	0.950438	13	Athaliana_IBE_9843
WHOLE_GENOME	119482896	6.743791	9.497515	6	2	0	0.019103	0	0.001973	0.023177	0.051861	0.160573	0.256686	0.918205	0.689614	0.178787	0.027527	0.009769	0.005965	0.00436	0.003091	0.002583	0.002257	0.001974	0.00173	0.001539	0.001405	2.24793	6.743791	?	0.794762	7	Athaliana_IBE_9844
NON_ZERO_REGIONS	109709790	7.344537	9.686381	7	2	0	0.019103	0	0.001973	0.023177	0.051861	0.160573	0.256686	1	0.751046	0.194713	0.029979	0.010639	0.006497	0.004748	0.003367	0.002813	0.002458	0.00215	0.001885	0.001676	0.001531	1.836134	2.448179	3.672269	0.865142	9	Athaliana_IBE_9844
WHOLE_GENOME	119482896	12.704106	11.686224	12	4	0	0.017219	0	0.00096	0.047329	0.132473	0.067484	0.265466	0.92548	0.876015	0.668889	0.343354	0.120812	0.039579	0.01838	0.008885	0.005767	0.00421	0.003316	0.002712	0.002275	0.001964	1.814872	4.234702	?	0.895923	10	Athaliana_IBE_9845
NON_ZERO_REGIONS	110579077	13.72704	11.55519	13	4	0	0.017219	0	0.00096	0.047329	0.132473	0.067484	0.265466	1	0.946551	0.722748	0.371001	0.130539	0.042766	0.01986	0.009601	0.006231	0.004549	0.003583	0.002931	0.002458	0.002122	1.71588	2.28784	3.43176	0.967706	15	Athaliana_IBE_9845
WHOLE_GENOME	119482896	11.736583	11.630827	11	4	0	0.016281	0	0.000723	0.044366	0.162597	0.084859	0.308826	0.922969	0.848898	0.593826	0.285136	0.100188	0.034248	0.016296	0.007923	0.005214	0.003901	0.003161	0.002665	0.0023	0.002023	1.956097	5.868292	?	0.884266	9	Athaliana_IBE_9846
NON_ZERO_REGIONS	110279051	12.716114	11.580605	12	4	0	0.016281	0	0.000723	0.044366	0.162597	0.084859	0.308826	1	0.919747	0.643387	0.308933	0.10855	0.037106	0.017656	0.008585	0.005649	0.004227	0.003425	0.002887	0.002492	0.002192	1.816588	2.543223	4.238705	0.957717	14	Athaliana_IBE_9846
WHOLE_GENOME	119482896	11.862679	12.248214	11	4	0	0.014045	0	0.000521	0.046589	0.219081	0.072417	0.352653	0.924781	0.837772	0.577741	0.292832	0.116903	0.044479	0.020711	0.008922	0.005671	0.004244	0.003456	0.002954	0.002601	0.002329	2.372536	5.931339	?	0.885377	9	Athaliana_IBE_9847
NON_ZERO_REGIONS	110495513	12.827554	12.241071	11	4	0	0.014045	0	0.000521	0.046589	0.219081	0.072417	0.352653	1	0.905914	0.624733	0.31665	0.126412	0.048097	0.022395	0.009648	0.006133	0.004589	0.003737	0.003195	0.002813	0.002519	1.832508	2.565511	4.275851	0.957021	14	Athaliana_IBE_9847
WHOLE_GENOME	119482896	13.295037	12.538803	12	5	0	0.016232	0	0.000828	0.047088	0.148568	0.07983	0.292546	0.923046	0.865467	0.663386	0.378571	0.164305	0.063427	0.028433	0.011934	0.007331	0.005204	0.00401	0.003306	0.002829	0.002457	1.899291	4.431679	?	0.891204	10	Athaliana_IBE_9848
NON_ZERO_REGIONS	110288161	14.403446	12.424342	13	4	0	0.016232	0	0.000828	0.047088	0.148568	0.07983	0.292546	1	0.937622	0.718692	0.410133	0.178003	0.068715	0.030803	0.012929	0.007943	0.005638	0.004345	0.003582	0.003065	0.002662	1.800431	2.400574	3.600861	0.965139	15	Athaliana_IBE_9848
WHOLE_GENOME	119482896	11.491572	11.222475	11	4	0	0.01591	0	0.001155	0.047095	0.106135	0.110528	0.280824	0.925761	0.866501	0.603079	0.255006	0.074505	0.024497	0.012803	0.0064	0.004265	0.003359	0.002879	0.00256	0.002312	0.002114	1.915262	3.830524	?	0.88837	10	Athaliana_IBE_9849
NON_ZERO_REGIONS	110612568	12.413113	11.162641	11	3	0	0.01591	0	0.001155	0.047095	0.106135	0.110528	0.280824	1	0.935988	0.651441	0.275456	0.08048	0.026461	0.01383	0.006913	0.004607	0.003628	0.00311	0.002765	0.002498	0.002284	1.773302	2.068852	3.103278	0.959255	14	Athaliana_IBE_9849
WHOLE_GENOME	119482896	9.168508	10.451846	9	3	0	0.018469	0	0.001065	0.040962	0.125863	0.081973	0.268331	0.91962	0.811124	0.416751	0.112436	0.027758	0.012318	0.007906	0.004605	0.003395	0.002785	0.002416	0.002147	0.001919	0.00173	1.833702	4.584254	?	0.859907	9	Athaliana_IBE_9850
NON_ZERO_REGIONS	109878905	9.969884	10.526144	9	3	0	0.018469	0	0.001065	0.040962	0.125863	0.081973	0.268331	1	0.88202	0.453177	0.122263	0.030185	0.013394	0.008597	0.005008	0.003692	0.003028	0.002627	0.002335	0.002087	0.001881	1.661647	2.492471	3.323295	0.934665	12	Athaliana_IBE_9850
WHOLE_GENOME	119482896	12.079347	11.773212	11	4	0	0.015968	0	0.000636	0.045584	0.194649	0.061221	0.318058	0.922506	0.854637	0.613599	0.306702	0.112112	0.039156	0.018167	0.008266	0.005336	0.003967	0.003222	0.00274	0.002403	0.002126	2.013224	6.039673	?	0.888661	10	Athaliana_IBE_9851
NON_ZERO_REGIONS	110223704	13.094056	11.703226	12	4	0	0.015968	0	0.000636	0.045584	0.194649	0.061221	0.318058	1	0.92643	0.665144	0.332466	0.12153	0.042445	0.019693	0.008961	0.005784	0.004301	0.003492	0.00297	0.002605	0.002304	1.870579	2.618811	3.273514	0.962976	14	Athaliana_IBE_9851
WHOLE_GENOME	119482896	9.557049	10.463581	9	3	0	0.019388	0	0.00093	0.046764	0.148332	0.068374	0.283788	0.919844	0.815617	0.45233	0.139075	0.03596	0.015008	0.00932	0.005176	0.003581	0.002726	0.002202	0.001819	0.001572	0.001438	1.91141	4.778525	?	0.86498	9	Athaliana_IBE_9852
NON_ZERO_REGIONS	109905662	10.389855	10.505927	9	3	0	0.019388	0	0.00093	0.046764	0.148332	0.068374	0.283788	1	0.88669	0.491746	0.151194	0.039093	0.016316	0.010132	0.005627	0.003893	0.002964	0.002394	0.001977	0.001709	0.001564	1.731643	2.597464	3.463285	0.939916	12	Athaliana_IBE_9852
WHOLE_GENOME	119482896	11.254227	11.422399	11	4	0	0.014279	0	0.000674	0.045451	0.185824	0.102044	0.348271	0.921114	0.848377	0.573106	0.247361	0.077346	0.0266	0.013797	0.006988	0.004687	0.003638	0.003038	0.002654	0.002386	0.002169	1.875704	5.627113	?	0.884006	9	Athaliana_IBE_9853
NON_ZERO_REGIONS	110057383	12.218059	11.396	11	4	0	0.014279	0	0.000674	0.045451	0.185824	0.102044	0.348271	1	0.921033	0.622188	0.268545	0.08397	0.028878	0.014979	0.007586	0.005089	0.003949	0.003298	0.002882	0.002591	0.002355	1.745437	2.443612	3.054515	0.959345	14	Athaliana_IBE_9853
WHOLE_GENOME	119482896	9.174268	10.676092	8	3	0	0.015589	0	0.000939	0.045817	0.132977	0.100456	0.295778	0.921325	0.796736	0.410831	0.12236	0.032345	0.013391	0.008258	0.004741	0.003523	0.002956	0.002641	0.002401	0.002194	0.002009	2.293567	4.587134	?	0.856002	8	Athaliana_IBE_9854
NON_ZERO_REGIONS	110082593	9.957688	10.766193	9	3	0	0.015589	0	0.000939	0.045817	0.132977	0.100456	0.295778	1	0.864772	0.445913	0.132809	0.035107	0.014535	0.008964	0.005146	0.003824	0.003209	0.002866	0.002606	0.002381	0.002181	1.991538	2.489422	3.319229	0.928629	11	Athaliana_IBE_9854
WHOLE_GENOME	119482896	10.956366	11.169811	10	3	0	0.016355	0	0.001087	0.047539	0.116931	0.119559	0.301471	0.921555	0.862389	0.575807	0.211069	0.053206	0.018391	0.010678	0.00571	0.004012	0.003237	0.002818	0.002559	0.002368	0.002212	1.826061	3.652122	?	0.884111	9	Athaliana_IBE_9855
NON_ZERO_REGIONS	110110038	11.889001	11.148851	11	3	0	0.016355	0	0.001087	0.047539	0.116931	0.119559	0.301471	1	0.935798	0.624822	0.229036	0.057735	0.019956	0.011587	0.006197	0.004353	0.003512	0.003058	0.002777	0.002569	0.0024	1.698429	2.3778	2.97225	0.95901	14	Athaliana_IBE_9855
WHOLE_GENOME	119482896	5.982994	9.204784	5	2	0	0.01902	0	0.001169	0.006071	0.138592	0.057656	0.222508	0.907829	0.597087	0.133676	0.02271	0.009226	0.005667	0.003947	0.002353	0.001749	0.001507	0.001384	0.001317	0.001275	0.001241	2.991497	5.982994	?	0.777173	7	Athaliana_IBE_9856
NON_ZERO_REGIONS	108470083	6.590439	9.451298	6	2	0	0.01902	0	0.001169	0.006071	0.138592	0.057656	0.222508	1	0.657709	0.147248	0.025016	0.010163	0.006242	0.004348	0.002592	0.001927	0.00166	0.001525	0.001451	0.001404	0.001367	2.196813	3.295219	3.295219	0.85588	8	Athaliana_IBE_9856
WHOLE_GENOME	119482896	5.413969	9.324171	5	2	0	0.020655	0	0.00091	0.005987	0.18227	0.079856	0.289679	0.903693	0.509887	0.106056	0.020918	0.008753	0.005511	0.004046	0.002707	0.002045	0.001673	0.001451	0.001345	0.001285	0.001252	2.706984	5.413969	?	0.752783	6	Athaliana_IBE_9857
NON_ZERO_REGIONS	107975822	5.99094	9.630621	5	2	0	0.020655	0	0.00091	0.005987	0.18227	0.079856	0.289679	1	0.564226	0.117359	0.023147	0.009686	0.006098	0.004478	0.002995	0.002263	0.001851	0.001606	0.001488	0.001422	0.001385	1.99698	2.99547	5.99094	0.832739	8	Athaliana_IBE_9857
WHOLE_GENOME	119482896	5.196584	9.095431	5	2	0	0.022353	0	0.001311	0.005669	0.126137	0.077094	0.232564	0.899974	0.500021	0.080577	0.016313	0.008159	0.005304	0.00388	0.002507	0.001834	0.001535	0.001409	0.001327	0.001271	0.001233	2.598292	?	?	0.736294	6	Athaliana_IBE_9858
NON_ZERO_REGIONS	107531494	5.77415	9.412037	5	2	0	0.022353	0	0.001311	0.005669	0.126137	0.077094	0.232564	1	0.555594	0.089533	0.018126	0.009066	0.005894	0.004311	0.002785	0.002038	0.001706	0.001566	0.001474	0.001412	0.001371	1.924717	2.887075	5.77415	0.817882	7	Athaliana_IBE_9858
WHOLE_GENOME	119482896	5.046434	9.069602	4	2	0	0.018287	0	0.000882	0.005832	0.194692	0.091913	0.311606	0.896219	0.482096	0.074825	0.013467	0.006433	0.004337	0.003385	0.002484	0.002003	0.001664	0.001443	0.001308	0.001244	0.001208	2.523217	?	?	0.743547	6	Athaliana_IBE_9859
NON_ZERO_REGIONS	107082861	5.630803	9.407046	5	2	0	0.018287	0	0.000882	0.005832	0.194692	0.091913	0.311606	1	0.537922	0.08349	0.015026	0.007178	0.00484	0.003777	0.002771	0.002235	0.001857	0.00161	0.001459	0.001388	0.001348	1.876934	2.815402	5.630803	0.829396	8	Athaliana_IBE_9859
WHOLE_GENOME	119482896	5.555627	9.256423	5	2	0	0.017379	0	0.00071	0.005647	0.225175	0.067287	0.316199	0.900237	0.530231	0.114732	0.022097	0.009137	0.00565	0.00412	0.002729	0.002049	0.001672	0.001468	0.001366	0.001297	0.00125	2.777813	5.555627	?	0.767455	6	Athaliana_IBE_9860
NON_ZERO_REGIONS	107562883	6.171296	9.559133	5	2	0	0.017379	0	0.00071	0.005647	0.225175	0.067287	0.316199	1	0.588991	0.127447	0.024546	0.01015	0.006276	0.004577	0.003031	0.002276	0.001858	0.001631	0.001517	0.001441	0.001388	2.057099	3.085648	6.171296	0.852275	8	Athaliana_IBE_9860
WHOLE_GENOME	119482896	5.403316	9.146693	5	2	0	0.018748	0	0.00103	0.005899	0.167155	0.065709	0.258541	0.900434	0.522806	0.098419	0.017993	0.007945	0.005086	0.003794	0.002629	0.002005	0.001623	0.001397	0.00129	0.001238	0.001209	2.701658	5.403316	?	0.752412	6	Athaliana_IBE_9861
NON_ZERO_REGIONS	107586441	6.000791	9.451331	5	2	0	0.018748	0	0.00103	0.005899	0.167155	0.065709	0.258541	1	0.580615	0.109302	0.019983	0.008823	0.005648	0.004214	0.00292	0.002227	0.001803	0.001551	0.001432	0.001375	0.001343	2.000264	3.000396	6.000791	0.835365	8	Athaliana_IBE_9861
WHOLE_GENOME	119482896	4.1259	8.581897	4	2	0	0.018643	0	0.001147	0.005829	0.135556	0.078105	0.239281	0.884921	0.357	0.032355	0.006853	0.003841	0.002866	0.00238	0.001762	0.001422	0.001269	0.001207	0.001171	0.001146	0.001122	4.1259	?	?	0.678435	5	Athaliana_IBE_9862
NON_ZERO_REGIONS	105732937	4.66245	8.984706	4	2	0	0.018643	0	0.001147	0.005829	0.135556	0.078105	0.239281	1	0.403426	0.036563	0.007744	0.00434	0.003239	0.00269	0.001991	0.001607	0.001434	0.001364	0.001324	0.001295	0.001268	2.331225	4.66245	4.66245	0.76631	6	Athaliana_IBE_9862
WHOLE_GENOME	119482896	6.95053	9.704995	6	3	0	0.021944	0	0.001274	0.006271	0.097094	0.098032	0.224615	0.912928	0.67085	0.213964	0.044114	0.014527	0.008156	0.005638	0.00357	0.002668	0.002121	0.00177	0.001531	0.00139	0.001306	2.316843	6.95053	?	0.799794	7	Athaliana_IBE_9864
NON_ZERO_REGIONS	109079268	7.613449	9.905709	7	2	0	0.021944	0	0.001274	0.006271	0.097094	0.098032	0.224615	1	0.734834	0.234371	0.048321	0.015913	0.008934	0.006176	0.00391	0.002923	0.002323	0.001939	0.001677	0.001522	0.001431	1.903362	2.537816	3.806725	0.875899	9	Athaliana_IBE_9864
WHOLE_GENOME	119482896	7.752382	9.804948	7	3	0	0.01741	0	0.001297	0.006265	0.119017	0.093643	0.237632	0.917826	0.752776	0.27938	0.053194	0.015313	0.008443	0.005823	0.003728	0.002928	0.00244	0.00207	0.001777	0.001546	0.001401	1.938096	7.752382	?	0.836645	8	Athaliana_IBE_9866
NON_ZERO_REGIONS	109664522	8.446461	9.94393	8	2	0	0.01741	0	0.001297	0.006265	0.119017	0.093643	0.237632	1	0.820173	0.304394	0.057956	0.016684	0.009199	0.006344	0.004061	0.003191	0.002658	0.002256	0.001936	0.001685	0.001526	1.689292	2.815487	4.223231	0.911435	11	Athaliana_IBE_9866
WHOLE_GENOME	119482896	8.18219	10.011479	7	3	0	0.0193	0	0.00129	0.021378	0.108576	0.0874	0.237943	0.918631	0.759387	0.323928	0.077129	0.021233	0.010675	0.007139	0.004202	0.002943	0.002303	0.001905	0.001633	0.001445	0.001338	2.045547	8.18219	?	0.836616	8	Athaliana_IBE_9867
NON_ZERO_REGIONS	109760637	8.906943	10.131753	8	3	0	0.0193	0	0.00129	0.021378	0.108576	0.0874	0.237943	1	0.826651	0.352621	0.083961	0.023113	0.01162	0.007772	0.004574	0.003203	0.002507	0.002074	0.001777	0.001574	0.001456	1.781389	2.968981	4.453471	0.910404	10	Athaliana_IBE_9867
WHOLE_GENOME	119482896	11.036923	11.373448	10	4	0	0.018953	0	0.001015	0.021201	0.136342	0.089984	0.267495	0.922275	0.849471	0.55981	0.22529	0.067099	0.024647	0.01407	0.007509	0.005017	0.00383	0.00318	0.00273	0.002376	0.00208	1.839487	5.518461	?	0.882223	9	Athaliana_IBE_9868
NON_ZERO_REGIONS	110196045	11.967067	11.36335	11	3	0	0.018953	0	0.001015	0.021201	0.136342	0.089984	0.267495	1	0.921061	0.606988	0.244276	0.072754	0.026724	0.015256	0.008142	0.005439	0.004153	0.003448	0.00296	0.002576	0.002255	1.709581	2.393413	2.991767	0.956365	14	Athaliana_IBE_9868
WHOLE_GENOME	119482896	11.487987	11.895654	11	4	0	0.017119	0	0.000818	0.019416	0.17668	0.098151	0.312184	0.92314	0.847522	0.575598	0.259097	0.087218	0.03233	0.017152	0.008687	0.005683	0.004287	0.003484	0.002987	0.002645	0.002385	1.914664	5.743993	?	0.885482	9	Athaliana_IBE_9870
NON_ZERO_REGIONS	110299388	12.444474	11.890559	11	4	0	0.017119	0	0.000818	0.019416	0.17668	0.098151	0.312184	1	0.918087	0.623522	0.280669	0.09448	0.035022	0.01858	0.009411	0.006156	0.004644	0.003774	0.003236	0.002866	0.002584	1.777782	2.488895	4.148158	0.959004	14	Athaliana_IBE_9870
WHOLE_GENOME	119482896	11.577342	11.277104	11	4	0	0.015208	0	0.000874	0.018573	0.150581	0.0937	0.278936	0.924751	0.861664	0.599308	0.263725	0.082992	0.029014	0.015198	0.007499	0.004771	0.003553	0.002905	0.002462	0.002142	0.001888	1.929557	3.859114	?	0.89062	10	Athaliana_IBE_9873
NON_ZERO_REGIONS	110491893	12.519419	11.212814	11	3	0	0.015208	0	0.000874	0.018573	0.150581	0.0937	0.278936	1	0.93178	0.648075	0.285185	0.089746	0.031375	0.016435	0.008109	0.005159	0.003842	0.003141	0.002663	0.002317	0.002041	1.788488	2.503884	3.129855	0.962928	14	Athaliana_IBE_9873
WHOLE_GENOME	119482896	11.558735	11.313094	11	4	0	0.016414	0	0.000966	0.020633	0.121801	0.090658	0.250472	0.924159	0.852497	0.586336	0.271377	0.092972	0.032394	0.015644	0.007194	0.004603	0.003433	0.002762	0.002311	0.001986	0.00176	1.926456	5.779367	?	0.884545	9	Athaliana_IBE_9874
NON_ZERO_REGIONS	110421142	12.507307	11.252788	11	4	0	0.016414	0	0.000966	0.020633	0.121801	0.090658	0.250472	1	0.922458	0.634453	0.293647	0.100601	0.035052	0.016928	0.007785	0.00498	0.003715	0.002989	0.002501	0.002149	0.001904	1.786758	2.501461	3.126827	0.956934	14	Athaliana_IBE_9874
WHOLE_GENOME	119482896	9.979787	11.250958	9	4	0	0.017885	0	0.000971	0.019739	0.138559	0.105864	0.283018	0.91935	0.813264	0.471672	0.167973	0.049519	0.020186	0.012236	0.006664	0.004553	0.003533	0.002905	0.002466	0.00215	0.001917	1.995957	4.989893	?	0.864956	9	Athaliana_IBE_9875
NON_ZERO_REGIONS	109846646	10.855259	11.321886	10	3	0	0.017885	0	0.000971	0.019739	0.138559	0.105864	0.283018	1	0.884608	0.51305	0.182708	0.053863	0.021957	0.013309	0.007249	0.004953	0.003843	0.00316	0.002682	0.002339	0.002085	1.80921	2.713815	3.61842	0.940596	12	Athaliana_IBE_9875
WHOLE_GENOME	119482896	11.459265	11.433129	11	4	0	0.016368	0	0.000942	0.019859	0.153784	0.094533	0.285485	0.924245	0.854388	0.582273	0.255246	0.083193	0.030824	0.01669	0.008387	0.005315	0.003889	0.003116	0.002642	0.002308	0.002037	1.909877	5.729632	?	0.887396	9	Athaliana_IBE_9876
NON_ZERO_REGIONS	110431493	12.398512	11.392332	11	4	0	0.016368	0	0.000942	0.019859	0.153784	0.094533	0.285485	1	0.924418	0.629998	0.276166	0.090012	0.033351	0.018058	0.009074	0.00575	0.004208	0.003371	0.002859	0.002497	0.002204	1.771216	2.479702	3.099628	0.959936	14	Athaliana_IBE_9876
WHOLE_GENOME	119482896	9.81705	10.776269	9	3	0	0.020164	0	0.00111	0.019583	0.124875	0.062823	0.228555	0.919662	0.812685	0.463871	0.159581	0.045743	0.018575	0.011135	0.006074	0.004166	0.003197	0.002614	0.002207	0.001902	0.001672	1.96341	4.908525	?	0.863652	9	Athaliana_IBE_9877
NON_ZERO_REGIONS	109883858	10.674631	10.822113	10	3	0	0.020164	0	0.00111	0.019583	0.124875	0.062823	0.228555	1	0.883678	0.504393	0.173522	0.049739	0.020198	0.012107	0.006605	0.00453	0.003477	0.002843	0.0024	0.002068	0.001819	1.779105	2.668658	3.55821	0.938866	12	Athaliana_IBE_9877
WHOLE_GENOME	119482896	13.699984	12.447792	13	5	0	0.017451	0	0.001125	0.021196	0.107605	0.080335	0.227713	0.922915	0.871711	0.685964	0.406271	0.18239	0.070782	0.03065	0.011917	0.007149	0.005037	0.003904	0.003168	0.002668	0.00229	1.957141	4.566661	?	0.893252	10	Athaliana_IBE_9878
NON_ZERO_REGIONS	110272563	14.844253	12.284276	14	4	0	0.017451	0	0.001125	0.021196	0.107605	0.080335	0.227713	1	0.944519	0.743258	0.440204	0.197624	0.076694	0.03321	0.012912	0.007746	0.005457	0.004231	0.003432	0.002891	0.002481	1.855532	2.474042	3.711063	0.967667	15	Athaliana_IBE_9878
WHOLE_GENOME	119482896	11.166259	11.357356	10	4	0	0.017977	0	0.001338	0.020222	0.093688	0.093503	0.226727	0.921162	0.843959	0.557994	0.24039	0.079692	0.029991	0.016152	0.008057	0.005177	0.00381	0.003033	0.002521	0.002158	0.001887	1.861043	5.58313	?	0.876206	9	Athaliana_IBE_9880
NON_ZERO_REGIONS	110063092	12.121929	11.333341	11	4	0	0.017977	0	0.001338	0.020222	0.093688	0.093503	0.226727	1	0.916189	0.60575	0.260964	0.086513	0.032557	0.017534	0.008746	0.00562	0.004136	0.003293	0.002737	0.002342	0.002049	1.731704	2.424386	4.040643	0.951008	13	Athaliana_IBE_9880
WHOLE_GENOME	119482896	10.398262	11.138809	10	4	0	0.018769	0	0.000979	0.018705	0.150955	0.075927	0.265336	0.918583	0.825852	0.506694	0.192559	0.058404	0.023037	0.013417	0.007067	0.004709	0.003592	0.002936	0.002476	0.002131	0.001876	2.079652	5.199131	?	0.871514	9	Athaliana_IBE_9881
NON_ZERO_REGIONS	109754962	11.319893	11.164107	10	3	0	0.018769	0	0.000979	0.018705	0.150955	0.075927	0.265336	1	0.89905	0.551604	0.209626	0.06358	0.025078	0.014607	0.007694	0.005127	0.003911	0.003196	0.002696	0.00232	0.002042	1.886649	2.829973	3.773298	0.948587	13	Athaliana_IBE_9881
WHOLE_GENOME	119482896	8.989716	10.523974	8	3	0	0.019759	0	0.001219	0.019229	0.123817	0.066672	0.230696	0.918663	0.785133	0.391771	0.11498	0.033386	0.015611	0.010019	0.005604	0.003789	0.002828	0.002235	0.001847	0.001617	0.001485	2.247429	4.494858	?	0.850816	8	Athaliana_IBE_9882
NON_ZERO_REGIONS	109764533	9.78565	10.619382	9	3	0	0.019759	0	0.001219	0.019229	0.123817	0.066672	0.230696	1	0.854648	0.426458	0.12516	0.036342	0.016994	0.010906	0.006101	0.004125	0.003079	0.002432	0.002011	0.00176	0.001617	1.95713	2.446412	3.261883	0.925917	11	Athaliana_IBE_9882
WHOLE_GENOME	119482896	7.754199	10.064611	7	3	0	0.019665	0	0.001111	0.019667	0.129223	0.051219	0.220884	0.913809	0.720977	0.288623	0.067448	0.019724	0.010339	0.006934	0.004063	0.002837	0.002171	0.001798	0.001593	0.001486	0.001421	2.584733	7.754199	?	0.822063	7	Athaliana_IBE_9883
NON_ZERO_REGIONS	109184529	8.485581	10.229592	7	3	0	0.019665	0	0.001111	0.019667	0.129223	0.051219	0.220884	1	0.78898	0.315846	0.07381	0.021585	0.011314	0.007588	0.004447	0.003104	0.002376	0.001967	0.001743	0.001626	0.001555	2.121395	2.828527	4.242791	0.899296	10	Athaliana_IBE_9883
WHOLE_GENOME	119482896	9.228559	10.518461	8	3	0	0.016254	0	0.000829	0.018336	0.172248	0.08709	0.294756	0.918895	0.792691	0.416843	0.129262	0.035495	0.01519	0.009536	0.005285	0.003665	0.002893	0.00243	0.002098	0.001809	0.001594	2.30714	4.614279	?	0.859911	9	Athaliana_IBE_9885
NON_ZERO_REGIONS	109792216	10.043106	10.593525	9	3	0	0.016254	0	0.000829	0.018336	0.172248	0.08709	0.294756	1	0.862657	0.453635	0.140671	0.038628	0.016531	0.010378	0.005752	0.003989	0.003148	0.002645	0.002283	0.001968	0.001735	2.008621	2.510777	3.347702	0.935616	12	Athaliana_IBE_9885
WHOLE_GENOME	119482896	10.630849	11.336835	10	4	0	0.020436	0	0.001244	0.020755	0.1097	0.096804	0.248938	0.922458	0.840349	0.524381	0.197188	0.058478	0.02336	0.01409	0.007738	0.005277	0.004009	0.003253	0.002759	0.002371	0.002069	2.12617	5.315425	?	0.875719	9	Athaliana_IBE_9886
NON_ZERO_REGIONS	110217996	11.524476	11.35909	10	3	0	0.020436	0	0.001244	0.020755	0.1097	0.096804	0.248938	1	0.910988	0.56846	0.213764	0.063394	0.025323	0.015275	0.008389	0.005721	0.004346	0.003527	0.002991	0.002571	0.002243	1.646354	2.304895	3.841492	0.949144	13	Athaliana_IBE_9886
WHOLE_GENOME	119482896	11.277416	11.462166	10	4	0	0.018174	0	0.00125	0.02092	0.097089	0.087209	0.224642	0.925424	0.845295	0.565104	0.248037	0.082693	0.030389	0.016076	0.008068	0.005162	0.003807	0.003059	0.00258	0.002228	0.001957	1.879569	5.638708	?	0.879454	9	Athaliana_IBE_9888
NON_ZERO_REGIONS	110572293	12.18622	11.440886	11	4	0	0.018174	0	0.00125	0.02092	0.097089	0.087209	0.224642	1	0.913414	0.610643	0.268025	0.089356	0.032837	0.017371	0.008718	0.005578	0.004114	0.003306	0.002788	0.002407	0.002114	1.740889	2.437244	4.062073	0.950096	13	Athaliana_IBE_9888
WHOLE_GENOME	119482896	10.828934	11.28504	10	4	0	0.020127	0	0.00121	0.020989	0.110273	0.085227	0.237826	0.923371	0.83663	0.539161	0.218862	0.067986	0.025555	0.014489	0.007574	0.004928	0.003636	0.002922	0.002449	0.002095	0.001842	2.165787	5.414467	?	0.874894	9	Athaliana_IBE_9890
NON_ZERO_REGIONS	110327052	11.727608	11.286344	11	4	0	0.020127	0	0.00121	0.020989	0.110273	0.085227	0.237826	1	0.90606	0.583905	0.237025	0.073628	0.027676	0.015691	0.008203	0.005337	0.003938	0.003165	0.002652	0.002269	0.001995	1.675373	2.345522	3.909203	0.947241	13	Athaliana_IBE_9890
WHOLE_GENOME	119482896	35.048298	20.684381	35	8	0	0.015278	0	0.000957	0.017848	0.080071	0.108057	0.222212	0.936415	0.917256	0.906953	0.893208	0.861177	0.791753	0.675561	0.361396	0.127343	0.042146	0.021402	0.01487	0.011261	0.008835	1.460346	2.920692	?	0.926982	11	Athaliana_IBE_9891
NON_ZERO_REGIONS	111885619	37.428154	19.178674	36	8	0	0.015278	0	0.000957	0.017848	0.080071	0.108057	0.222212	1	0.97954	0.968537	0.953859	0.919653	0.845515	0.721433	0.385936	0.13599	0.045008	0.022855	0.01588	0.012025	0.009435	1.386228	1.782293	2.49521	0.989774	20	Athaliana_IBE_9891
WHOLE_GENOME	119482896	11.401728	11.203394	11	4	0	0.018172	0	0.001168	0.020681	0.111953	0.073351	0.225325	0.929642	0.849531	0.581318	0.260298	0.085162	0.029526	0.014849	0.007108	0.004528	0.003312	0.002616	0.002163	0.001867	0.00165	1.900288	5.700864	?	0.884882	9	Athaliana_IBE_9892
NON_ZERO_REGIONS	111076273	12.264649	11.154913	11	4	0	0.018172	0	0.001168	0.020681	0.111953	0.073351	0.225325	1	0.913826	0.625314	0.279999	0.091607	0.03176	0.015972	0.007646	0.004871	0.003562	0.002814	0.002327	0.002008	0.001775	1.752093	2.45293	4.088216	0.951606	13	Athaliana_IBE_9892
WHOLE_GENOME	119482896	10.453416	11.255774	9	4	0	0.016417	0	0.000801	0.019264	0.181097	0.069948	0.287527	0.925734	0.813817	0.496919	0.204037	0.068685	0.027389	0.015288	0.007793	0.005069	0.003733	0.002959	0.002448	0.002086	0.001819	2.090683	5.226708	?	0.873907	9	Athaliana_IBE_9894
NON_ZERO_REGIONS	110609410	11.292026	11.286566	10	4	0	0.016417	0	0.000801	0.019264	0.181097	0.069948	0.287527	1	0.879105	0.536784	0.220406	0.074196	0.029586	0.016515	0.008418	0.005476	0.004033	0.003196	0.002644	0.002253	0.001965	1.882004	2.823007	3.764009	0.94379	13	Athaliana_IBE_9894
WHOLE_GENOME	119482896	14.258142	12.811908	13	5	0	0.016541	0	0.000909	0.022549	0.124471	0.093523	0.257993	0.940304	0.881849	0.707474	0.433472	0.201578	0.080444	0.034867	0.013275	0.007939	0.005518	0.00423	0.003471	0.002975	0.002627	2.036877	4.752714	?	0.908042	10	Athaliana_IBE_9895
NON_ZERO_REGIONS	112350236	15.163333	12.682277	14	5	0	0.016541	0	0.000909	0.022549	0.124471	0.093523	0.257993	1	0.937834	0.752388	0.460992	0.214375	0.085551	0.037081	0.014118	0.008443	0.005868	0.004498	0.003691	0.003164	0.002793	1.684815	2.527222	3.790833	0.965465	15	Athaliana_IBE_9895
WHOLE_GENOME	119482896	9.762798	10.784276	9	4	0	0.017786	0	0.001031	0.020029	0.133851	0.090427	0.263124	0.918573	0.803155	0.454464	0.162248	0.049738	0.020454	0.011835	0.006019	0.004032	0.003108	0.002537	0.002128	0.001843	0.001636	1.95256	4.881399	?	0.860376	9	Athaliana_IBE_9897
NON_ZERO_REGIONS	109753717	10.628227	10.83569	9	3	0	0.017786	0	0.001031	0.020029	0.133851	0.090427	0.263124	1	0.874351	0.494751	0.17663	0.054147	0.022268	0.012884	0.006552	0.00439	0.003383	0.002762	0.002317	0.002007	0.001781	1.771371	2.657057	3.542742	0.936432	12	Athaliana_IBE_9897
WHOLE_GENOME	119482896	13.596948	12.588412	13	5	0	0.020142	0	0.001084	0.021064	0.108497	0.06361	0.214397	0.926225	0.873542	0.675988	0.392695	0.175929	0.070411	0.031736	0.012528	0.00755	0.005297	0.004067	0.003292	0.002767	0.002371	1.942421	4.532316	?	0.895844	10	Athaliana_IBE_9898
NON_ZERO_REGIONS	110668058	14.67996	12.457596	13	4	0	0.020142	0	0.001084	0.021064	0.108497	0.06361	0.214397	1	0.943121	0.729831	0.423974	0.189942	0.076019	0.034264	0.013526	0.008151	0.005718	0.004391	0.003555	0.002987	0.002559	1.834995	2.44666	3.66999	0.967043	15	Athaliana_IBE_9898
WHOLE_GENOME	119482896	9.530303	11.134802	8	4	0	0.019505	0	0.000986	0.020081	0.146592	0.078513	0.265676	0.919765	0.7804	0.423376	0.153391	0.050563	0.022558	0.013722	0.007337	0.004857	0.003627	0.00294	0.002474	0.002148	0.001893	2.382576	4.765151	?	0.853223	8	Athaliana_IBE_9899
NON_ZERO_REGIONS	109896204	10.36167	11.233213	9	3	0	0.019505	0	0.000986	0.020081	0.146592	0.078513	0.265676	1	0.848477	0.460309	0.166772	0.054974	0.024526	0.014919	0.007977	0.005281	0.003943	0.003196	0.00269	0.002335	0.002059	2.072334	2.590417	5.180835	0.927411	11	Athaliana_IBE_9899
WHOLE_GENOME	119482896	12.057997	11.619648	11	4	0	0.016688	0	0.001176	0.02039	0.094137	0.110722	0.243114	0.923318	0.865608	0.621735	0.29725	0.103713	0.036154	0.017423	0.008153	0.005171	0.003868	0.003144	0.002659	0.002312	0.002027	2.009666	4.019332	?	0.888177	10	Athaliana_IBE_9900
NON_ZERO_REGIONS	110320722	13.059418	11.539125	12	4	0	0.016688	0	0.001176	0.02039	0.094137	0.110722	0.243114	1	0.937498	0.67337	0.321937	0.112326	0.039157	0.018869	0.00883	0.005601	0.00419	0.003405	0.00288	0.002504	0.002195	1.632427	2.17657	3.264854	0.961779	14	Athaliana_IBE_9900
WHOLE_GENOME	119482896	14.75019	12.984197	14	5	0	0.018648	0	0.001226	0.020305	0.084783	0.085561	0.210524	0.925221	0.887181	0.737617	0.465173	0.21979	0.087516	0.037554	0.014481	0.008722	0.006076	0.004642	0.003792	0.003226	0.002811	1.843774	4.91673	?	0.901643	10	Athaliana_IBE_9901
NON_ZERO_REGIONS	110548067	15.942345	12.775348	15	4	0	0.018648	0	0.001226	0.020305	0.084783	0.085561	0.210524	1	0.958885	0.797233	0.502769	0.237554	0.094589	0.040589	0.015651	0.009427	0.006567	0.005017	0.004099	0.003486	0.003038	1.771372	2.277478	3.188469	0.974375	16	Athaliana_IBE_9901
WHOLE_GENOME	119482896	14.052079	13.215465	13	5	0	0.018908	0	0.000878	0.021035	0.15073	0.085577	0.277129	0.931486	0.878146	0.687662	0.413231	0.193923	0.079641	0.035795	0.014211	0.008777	0.006237	0.004866	0.004	0.003404	0.002963	2.00744	4.684026	?	0.903404	10	Athaliana_IBE_9902
NON_ZERO_REGIONS	111296636	15.085659	13.111152	14	5	0	0.018908	0	0.000878	0.021035	0.15073	0.085577	0.277129	1	0.942736	0.738242	0.443626	0.208187	0.085499	0.038428	0.015256	0.009422	0.006695	0.005224	0.004295	0.003655	0.003181	1.885707	2.514277	3.771415	0.969707	15	Athaliana_IBE_9902
WHOLE_GENOME	119482896	8.018598	9.99458	7	3	0	0.015866	0	0.001341	0.019926	0.081929	0.12196	0.241023	0.918366	0.746069	0.311162	0.07296	0.01916	0.009346	0.006206	0.003878	0.003021	0.002553	0.002209	0.001923	0.001697	0.00152	2.00465	8.018598	?	0.826802	8	Athaliana_IBE_9903
NON_ZERO_REGIONS	109728998	8.731378	10.126575	8	3	0	0.015866	0	0.001341	0.019926	0.081929	0.12196	0.241023	1	0.812387	0.338821	0.079446	0.020864	0.010177	0.006757	0.004223	0.00329	0.002779	0.002406	0.002094	0.001848	0.001656	1.746276	2.910459	4.365689	0.900017	10	Athaliana_IBE_9903
WHOLE_GENOME	119482896	9.817892	10.596217	9	3	0	0.016846	0	0.002075	0.025926	0.03251	0.142964	0.220321	0.922039	0.828158	0.470288	0.152594	0.040617	0.015269	0.008824	0.004865	0.003497	0.00286	0.002506	0.002251	0.002033	0.001842	1.963578	4.908946	?	0.860698	9	Athaliana_IBE_9904
NON_ZERO_REGIONS	110167870	10.648024	10.627047	10	3	0	0.016846	0	0.002075	0.025926	0.03251	0.142964	0.220321	1	0.898182	0.510052	0.165497	0.044051	0.01656	0.00957	0.005277	0.003793	0.003101	0.002718	0.002442	0.002205	0.001998	1.774671	2.662006	3.549341	0.933196	12	Athaliana_IBE_9904
WHOLE_GENOME	119482896	10.029542	10.921277	9	3	0	0.016548	0	0.001254	0.006216	0.107689	0.090698	0.222405	0.918612	0.833825	0.495699	0.159915	0.03903	0.014815	0.008949	0.004961	0.003626	0.003036	0.002721	0.002508	0.002336	0.002197	2.005908	5.014771	?	0.87135	9	Athaliana_IBE_9906
NON_ZERO_REGIONS	109758363	10.918155	10.960836	10	3	0	0.016548	0	0.001254	0.006216	0.107689	0.090698	0.222405	1	0.907702	0.539618	0.174083	0.042488	0.016128	0.009742	0.005401	0.003947	0.003304	0.002962	0.00273	0.002543	0.002392	1.819692	2.183631	3.639385	0.948466	13	Athaliana_IBE_9906
