## METRICS CLASS	picard.analysis.CollectWgsMetricsWithNonZeroCoverage$WgsMetricsWithNonZeroCoverage
CATEGORY	GENOME_TERRITORY	MEAN_COVERAGE	SD_COVERAGE	MEDIAN_COVERAGE	MAD_COVERAGE	PCT_EXC_ADAPTER	PCT_EXC_MAPQ	PCT_EXC_DUPE	PCT_EXC_UNPAIRED	PCT_EXC_BASEQ	PCT_EXC_OVERLAP	PCT_EXC_CAPPED	PCT_EXC_TOTAL	PCT_1X	PCT_5X	PCT_10X	PCT_15X	PCT_20X	PCT_25X	PCT_30X	PCT_40X	PCT_50X	PCT_60X	PCT_70X	PCT_80X	PCT_90X	PCT_100X	FOLD_80_BASE_PENALTY	FOLD_90_BASE_PENALTY	FOLD_95_BASE_PENALTY	HET_SNP_SENSITIVITY	HET_SNP_Q
WHOLE_GENOME	653587999	7.581035	10.28645	6	6	0	0.05618	0	0.00499	0.027689	0.028095	0.075004	0.191958	0.703812	0.53659	0.361039	0.174229	0.06318	0.028478	0.016482	0.007002	0.003589	0.00216	0.001495	0.00116	0.000973	0.000866	?	?	?	0.6294	4	Atuberculatus_15_10
NON_ZERO_REGIONS	460002923	10.771395	10.769186	10	5	0	0.05618	0	0.00499	0.027689	0.028095	0.075004	0.191958	1	0.762406	0.512976	0.247551	0.089768	0.040462	0.023418	0.009948	0.005099	0.003069	0.002125	0.001649	0.001382	0.00123	2.692849	5.385698	10.771395	0.891372	10	Atuberculatus_15_10
WHOLE_GENOME	653587999	9.02999	11.566345	7	7	0	0.05772	0	0.006113	0.030435	0.024044	0.058314	0.176625	0.71646	0.565093	0.420288	0.260698	0.116768	0.049065	0.02678	0.011684	0.006022	0.003506	0.002278	0.001638	0.001288	0.001075	?	?	?	0.649011	5	Atuberculatus_15_11
NON_ZERO_REGIONS	468269440	12.603626	11.903084	12	6	0	0.05772	0	0.006113	0.030435	0.024044	0.058314	0.176625	1	0.78873	0.586618	0.36387	0.16298	0.068482	0.037378	0.016307	0.008405	0.004894	0.003179	0.002286	0.001798	0.0015	3.150906	6.301813	12.603626	0.902781	10	Atuberculatus_15_11
WHOLE_GENOME	653587999	7.078852	9.785565	5	5	0	0.057582	0	0.005465	0.028747	0.02775	0.050158	0.169703	0.704183	0.526471	0.332829	0.144197	0.04935	0.022533	0.012959	0.005373	0.00274	0.001683	0.001218	0.000988	0.000863	0.00079	?	?	?	0.62432	4	Atuberculatus_15_3
NON_ZERO_REGIONS	460245296	10.05258	10.299998	9	5	0	0.057582	0	0.005465	0.028747	0.02775	0.050158	0.169703	1	0.747634	0.472646	0.204772	0.070081	0.031999	0.018403	0.00763	0.003891	0.00239	0.00173	0.001403	0.001226	0.001121	3.35086	5.02629	10.05258	0.883593	9	Atuberculatus_15_3
WHOLE_GENOME	653587999	7.159016	9.893406	5	5	0	0.057655	0	0.005112	0.028665	0.025499	0.056392	0.173323	0.715227	0.52761	0.334182	0.145912	0.051745	0.024415	0.014238	0.006006	0.003091	0.001902	0.001357	0.001076	0.000916	0.000821	?	?	?	0.630476	4	Atuberculatus_15_5
NON_ZERO_REGIONS	467463839	10.00943	10.407684	9	5	0	0.057655	0	0.005112	0.028665	0.025499	0.056392	0.173323	1	0.737682	0.467239	0.204009	0.072348	0.034136	0.019907	0.008397	0.004322	0.002659	0.001897	0.001504	0.001281	0.001148	3.336477	5.004715	10.00943	0.878236	9	Atuberculatus_15_5
WHOLE_GENOME	653587999	6.315338	9.169334	5	5	0	0.054407	0	0.005143	0.027805	0.029353	0.069666	0.186374	0.688992	0.502553	0.285673	0.100588	0.034066	0.01669	0.009603	0.003981	0.002108	0.00137	0.001039	0.000872	0.000782	0.000725	?	?	?	0.605019	4	Atuberculatus_15_6
NON_ZERO_REGIONS	450316648	9.16606	9.79279	8	4	0	0.054407	0	0.005143	0.027805	0.029353	0.069666	0.186374	1	0.729403	0.414625	0.145994	0.049444	0.024224	0.013938	0.005778	0.00306	0.001989	0.001509	0.001265	0.001135	0.001052	3.055353	4.58303	9.16606	0.875143	9	Atuberculatus_15_6
WHOLE_GENOME	653587999	9.006013	11.374805	7	7	0	0.056154	0	0.005525	0.029622	0.022791	0.059981	0.174073	0.72087	0.568538	0.420518	0.260085	0.115578	0.047655	0.025555	0.0109	0.005527	0.003197	0.002065	0.001485	0.001168	0.000984	?	?	?	0.652385	5	Atuberculatus_15_7
NON_ZERO_REGIONS	471151732	12.493263	11.658436	11	6	0	0.056154	0	0.005525	0.029622	0.022791	0.059981	0.174073	1	0.788684	0.583348	0.360793	0.160331	0.066107	0.03545	0.015121	0.007667	0.004435	0.002864	0.002061	0.001621	0.001365	3.123316	6.246631	12.493263	0.902018	10	Atuberculatus_15_7
WHOLE_GENOME	653587999	5.514888	13.599137	0	0	0	0.090518	0	0.018123	0.022605	0.031343	0.11701	0.279598	0.37991	0.269188	0.221061	0.167643	0.097874	0.04461	0.023344	0.012943	0.008523	0.00623	0.0048	0.003853	0.003186	0.002704	?	?	?	0.331683	2	Atuberculatus_16_1
NON_ZERO_REGIONS	248304583	14.516303	18.871226	13	8	0	0.090518	0	0.018123	0.022605	0.031343	0.11701	0.279598	1	0.708558	0.581878	0.44127	0.257623	0.117423	0.061446	0.034068	0.022435	0.0164	0.012635	0.010142	0.008387	0.007117	7.258151	14.516303	14.516303	0.868281	9	Atuberculatus_16_1
WHOLE_GENOME	653587999	6.127985	9.143509	4	4	0	0.059743	0	0.005956	0.028353	0.023646	0.051149	0.168848	0.691787	0.491789	0.267724	0.092911	0.031947	0.015866	0.009317	0.004018	0.002145	0.001404	0.001074	0.000912	0.000813	0.000751	?	?	?	0.602173	4	Atuberculatus_16_2
NON_ZERO_REGIONS	452143702	8.858196	9.831944	8	4	0	0.059743	0	0.005956	0.028353	0.023646	0.051149	0.168848	1	0.710896	0.387004	0.134306	0.046181	0.022935	0.013468	0.005809	0.003101	0.00203	0.001552	0.001318	0.001176	0.001086	2.952732	4.429098	8.858196	0.867308	9	Atuberculatus_16_2
WHOLE_GENOME	653587999	7.971775	10.852455	6	6	0	0.059523	0	0.00621	0.030296	0.024795	0.064235	0.185058	0.702558	0.538617	0.374246	0.199402	0.07843	0.035058	0.020403	0.009005	0.004732	0.002873	0.001962	0.001466	0.001184	0.001013	?	?	?	0.628667	4	Atuberculatus_16_3
NON_ZERO_REGIONS	459183520	11.346785	11.372906	10	5	0	0.059523	0	0.00621	0.030296	0.024795	0.064235	0.185058	1	0.766652	0.53269	0.283822	0.111635	0.049901	0.029041	0.012817	0.006735	0.00409	0.002793	0.002086	0.001685	0.001442	2.836696	5.673392	11.346785	0.891631	10	Atuberculatus_16_3
WHOLE_GENOME	653587999	5.836803	14.149755	0	0	0	0.094199	0	0.022156	0.025036	0.028864	0.109876	0.280131	0.3872	0.271689	0.225543	0.178357	0.114095	0.056025	0.027728	0.014395	0.009449	0.006862	0.005265	0.00421	0.003475	0.002943	?	?	?	0.336909	2	Atuberculatus_16_5
NON_ZERO_REGIONS	253069471	15.074376	19.437969	13	9	0	0.094199	0	0.022156	0.025036	0.028864	0.109876	0.280131	1	0.701675	0.582497	0.460633	0.294666	0.144692	0.071612	0.037178	0.024403	0.017723	0.013598	0.010872	0.008976	0.007601	7.537188	15.074376	15.074376	0.864411	9	Atuberculatus_16_5
WHOLE_GENOME	653587999	5.12261	12.876341	0	0	0	0.09548	0	0.023806	0.027623	0.027514	0.102142	0.276564	0.382794	0.263378	0.212047	0.151273	0.079748	0.035075	0.019701	0.011202	0.007435	0.00543	0.004179	0.003366	0.0028	0.002388	?	?	?	0.329772	2	Atuberculatus_16_6
NON_ZERO_REGIONS	250189500	13.382162	17.961097	11	8	0	0.09548	0	0.023806	0.027623	0.027514	0.102142	0.276564	1	0.688042	0.553947	0.395181	0.208331	0.091629	0.051467	0.029263	0.019423	0.014185	0.010918	0.008794	0.007314	0.006238	6.691081	13.382162	13.382162	0.855161	8	Atuberculatus_16_6
WHOLE_GENOME	653587999	7.513982	10.433689	5	5	0	0.057713	0	0.004932	0.032942	0.03121	0.063104	0.189902	0.698759	0.528698	0.353528	0.173387	0.064011	0.028916	0.016838	0.007327	0.003871	0.002394	0.001671	0.001274	0.001058	0.00093	?	?	?	0.621898	4	Atuberculatus_16_7
NON_ZERO_REGIONS	456700796	10.753317	10.998157	10	5	0	0.057713	0	0.004932	0.032942	0.03121	0.063104	0.189902	1	0.756624	0.505937	0.248135	0.091607	0.041382	0.024098	0.010486	0.005539	0.003426	0.002391	0.001824	0.001514	0.001331	2.688329	5.376659	10.753317	0.886584	9	Atuberculatus_16_7
WHOLE_GENOME	653587999	12.488652	13.409808	11	10	0	0.047209	0	0.003603	0.034012	0.030254	0.042747	0.157826	0.755577	0.634583	0.530469	0.41664	0.284434	0.145461	0.062992	0.019845	0.009485	0.005157	0.003128	0.00207	0.001499	0.001173	?	?	?	0.701776	5	Atuberculatus_16_8
NON_ZERO_REGIONS	493836114	16.528627	13.085065	16	7	0	0.047209	0	0.003603	0.034012	0.030254	0.042747	0.157826	1	0.839866	0.702071	0.551419	0.376446	0.192517	0.083369	0.026265	0.012554	0.006826	0.00414	0.00274	0.001983	0.001552	2.754771	8.264313	16.528627	0.926017	11	Atuberculatus_16_8
WHOLE_GENOME	653587999	4.976727	12.597284	0	0	0	0.093723	0	0.021963	0.030128	0.028593	0.09045	0.264858	0.375011	0.261588	0.209274	0.145872	0.07377	0.031913	0.018438	0.010494	0.006957	0.005054	0.0039	0.003146	0.002619	0.00224	?	?	?	0.324571	2	Atuberculatus_16_9
NON_ZERO_REGIONS	245102849	13.270873	17.69447	11	7	0	0.093723	0	0.021963	0.030128	0.028593	0.09045	0.264858	1	0.697547	0.558048	0.38898	0.196713	0.0851	0.049166	0.027983	0.018552	0.013478	0.0104	0.008388	0.006985	0.005972	6.635437	13.270873	13.270873	0.859077	9	Atuberculatus_16_9
WHOLE_GENOME	653587999	6.580898	10.035677	5	5	0	0.057118	0	0.00516	0.034409	0.032158	0.04338	0.172225	0.70364	0.509723	0.286992	0.105383	0.037685	0.019661	0.012441	0.006451	0.004147	0.003028	0.002384	0.00195	0.0016	0.001306	?	?	?	0.616567	4	Atuberculatus_17_10
NON_ZERO_REGIONS	459890828	9.352646	10.826392	8	4	0	0.057118	0	0.00516	0.034409	0.032158	0.04338	0.172225	1	0.724409	0.407868	0.149768	0.053557	0.027942	0.017681	0.009167	0.005893	0.004304	0.003388	0.002772	0.002274	0.001856	3.117549	4.676323	9.352646	0.872732	9	Atuberculatus_17_10
WHOLE_GENOME	653587999	7.279611	10.28971	5	5	0	0.061156	0	0.006181	0.033963	0.026265	0.070371	0.197936	0.695687	0.519962	0.339147	0.158763	0.058537	0.027602	0.016457	0.007328	0.00391	0.002405	0.001668	0.001267	0.001043	0.000904	?	?	?	0.615941	4	Atuberculatus_17_11
NON_ZERO_REGIONS	454692857	10.463913	10.902838	9	5	0	0.061156	0	0.006181	0.033963	0.026265	0.070371	0.197936	1	0.747407	0.487499	0.22821	0.084142	0.039676	0.023656	0.010533	0.00562	0.003456	0.002398	0.001821	0.001499	0.001299	3.487971	5.231956	10.463913	0.881723	9	Atuberculatus_17_11
WHOLE_GENOME	653587999	8.009868	11.176543	6	6	0	0.058025	0	0.005213	0.034498	0.030609	0.0576	0.185945	0.708822	0.543456	0.371135	0.192774	0.074707	0.034409	0.020877	0.010169	0.006038	0.004045	0.002856	0.002108	0.001637	0.001319	?	?	?	0.634136	4	Atuberculatus_17_1
NON_ZERO_REGIONS	463277450	11.300255	11.791819	10	5	0	0.058025	0	0.005213	0.034498	0.030609	0.0576	0.185945	1	0.766703	0.523594	0.271964	0.105396	0.048544	0.029454	0.014346	0.008518	0.005706	0.00403	0.002974	0.00231	0.001861	2.825064	5.650128	11.300255	0.891214	10	Atuberculatus_17_1
WHOLE_GENOME	653587999	7.483513	10.907911	5	5	0	0.060149	0	0.00612	0.034112	0.025525	0.069385	0.195291	0.690667	0.520161	0.346506	0.165402	0.062662	0.030893	0.019255	0.009459	0.005555	0.003679	0.002605	0.001958	0.001542	0.001265	?	?	?	0.613456	4	Atuberculatus_17_3
NON_ZERO_REGIONS	451411594	10.835199	11.660006	10	5	0	0.060149	0	0.00612	0.034112	0.025525	0.069385	0.195291	1	0.753129	0.501697	0.239482	0.090727	0.044729	0.027879	0.013695	0.008043	0.005326	0.003772	0.002835	0.002233	0.001831	2.7088	5.417599	10.835199	0.884561	9	Atuberculatus_17_3
WHOLE_GENOME	653587999	7.28243	10.506209	5	5	0	0.057393	0	0.005679	0.035133	0.028289	0.06557	0.192064	0.712192	0.529566	0.331878	0.146961	0.052926	0.025547	0.015767	0.007864	0.004856	0.003396	0.002567	0.00202	0.0016	0.001288	?	?	?	0.629248	4	Atuberculatus_17_4
NON_ZERO_REGIONS	465480212	10.225373	11.175607	9	5	0	0.057393	0	0.005679	0.035133	0.028289	0.06557	0.192064	1	0.743572	0.465994	0.206351	0.074314	0.035871	0.022139	0.011043	0.006818	0.004769	0.003604	0.002836	0.002247	0.001808	3.408458	5.112687	10.225373	0.879949	9	Atuberculatus_17_4
WHOLE_GENOME	653587999	8.221328	11.639657	6	6	0	0.061521	0	0.006618	0.034139	0.024623	0.059099	0.185999	0.704889	0.540221	0.377583	0.205537	0.083577	0.038587	0.023545	0.011737	0.006972	0.004656	0.003404	0.002614	0.002053	0.001643	?	?	?	0.63023	4	Atuberculatus_17_6
NON_ZERO_REGIONS	460706914	11.663297	12.331184	10	5	0	0.061521	0	0.006618	0.034139	0.024623	0.059099	0.185999	1	0.766392	0.535663	0.291588	0.118568	0.054742	0.033402	0.01665	0.00989	0.006606	0.004829	0.003708	0.002913	0.002331	2.915824	5.831648	11.663297	0.890521	10	Atuberculatus_17_6
WHOLE_GENOME	653587999	8.721289	12.120862	6	6	0	0.05727	0	0.00506	0.027722	0.033357	0.053237	0.176645	0.716952	0.558586	0.396352	0.229076	0.099202	0.044302	0.025943	0.012643	0.007495	0.005034	0.003715	0.00294	0.002417	0.002008	?	?	?	0.646698	5	Atuberculatus_17_7
NON_ZERO_REGIONS	468590926	12.164405	12.768445	11	5	0	0.05727	0	0.00506	0.027722	0.033357	0.053237	0.176645	1	0.779113	0.552829	0.319515	0.138366	0.061792	0.036185	0.017635	0.010454	0.007022	0.005181	0.0041	0.003371	0.002801	3.041101	6.082203	12.164405	0.899234	10	Atuberculatus_17_7
WHOLE_GENOME	653587999	9.220157	13.548935	7	7	0	0.056598	0	0.005765	0.028419	0.032294	0.068066	0.191142	0.721191	0.564313	0.410686	0.249831	0.11366	0.050695	0.029357	0.014477	0.008792	0.006153	0.004736	0.003887	0.003308	0.002899	?	?	?	0.651379	5	Atuberculatus_17_9
NON_ZERO_REGIONS	471361689	12.784629	14.455862	11	6	0	0.056598	0	0.005765	0.028419	0.032294	0.068066	0.191142	1	0.782473	0.569456	0.346414	0.157601	0.070294	0.040706	0.020073	0.012191	0.008532	0.006567	0.005389	0.004587	0.004019	3.196157	6.392314	12.784629	0.9003	10	Atuberculatus_17_9
WHOLE_GENOME	653587999	10.083694	12.235137	8	8	0	0.052302	0	0.004156	0.026657	0.034152	0.066045	0.183312	0.735812	0.594562	0.455411	0.308303	0.16087	0.070065	0.035436	0.014901	0.007623	0.004346	0.002723	0.00188	0.001419	0.001154	?	?	?	0.673252	5	Atuberculatus_18_11
NON_ZERO_REGIONS	480917932	13.704171	12.402868	13	6	0	0.052302	0	0.004156	0.026657	0.034152	0.066045	0.183312	1	0.808035	0.618923	0.418997	0.218629	0.095222	0.048159	0.020251	0.01036	0.005907	0.0037	0.002555	0.001929	0.001568	2.740834	6.852086	13.704171	0.912535	11	Atuberculatus_18_11
WHOLE_GENOME	653587999	7.164236	12.419065	5	5	0	0.053704	0	0.004341	0.028468	0.028812	0.061628	0.176953	0.702296	0.521934	0.313817	0.12561	0.045625	0.023676	0.015085	0.007954	0.0053	0.004105	0.003474	0.003099	0.002846	0.002653	?	?	?	0.621015	4	Atuberculatus_18_15
NON_ZERO_REGIONS	459012085	10.201166	13.734359	9	4	0	0.053704	0	0.004341	0.028468	0.028812	0.061628	0.176953	1	0.743182	0.446844	0.178856	0.064966	0.033713	0.021479	0.011325	0.007546	0.005845	0.004946	0.004413	0.004053	0.003777	3.400389	5.100583	10.201166	0.881358	9	Atuberculatus_18_15
WHOLE_GENOME	653587999	12.343692	14.350119	10	10	0	0.054361	0	0.005611	0.029983	0.021339	0.041769	0.153063	0.741506	0.610386	0.507986	0.399246	0.272841	0.145342	0.069266	0.02616	0.014081	0.00841	0.005406	0.00366	0.002589	0.001913	?	?	?	0.683593	5	Atuberculatus_18_16
NON_ZERO_REGIONS	484639527	16.646783	14.355501	16	8	0	0.054361	0	0.005611	0.029983	0.021339	0.041769	0.153063	1	0.823171	0.685074	0.538426	0.367956	0.196009	0.093412	0.03528	0.01899	0.011342	0.00729	0.004936	0.003492	0.00258	3.329357	8.323391	16.646783	0.918923	11	Atuberculatus_18_16
WHOLE_GENOME	653587999	13.425167	15.853944	11	10	0	0.053362	0	0.004869	0.029076	0.025246	0.064376	0.176929	0.756132	0.629337	0.529729	0.422189	0.306329	0.179184	0.088979	0.031973	0.017737	0.011091	0.007616	0.005609	0.00434	0.003482	?	?	?	0.700342	5	Atuberculatus_18_1
NON_ZERO_REGIONS	494198713	17.755061	15.985455	17	8	0	0.053362	0	0.004869	0.029076	0.025246	0.064376	0.176929	1	0.832311	0.700577	0.558353	0.405127	0.236974	0.117677	0.042285	0.023458	0.014668	0.010073	0.007418	0.005739	0.004605	2.959177	8.87753	17.755061	0.923428	11	Atuberculatus_18_1
WHOLE_GENOME	653587999	7.016261	10.496664	5	5	0	0.050745	0	0.003965	0.026246	0.033883	0.087443	0.202282	0.720333	0.529086	0.313023	0.12448	0.043957	0.021798	0.013391	0.00671	0.004316	0.003232	0.00263	0.002239	0.001937	0.001669	?	?	?	0.634442	4	Atuberculatus_18_2
NON_ZERO_REGIONS	470800709	9.740308	11.243843	8	4	0	0.050745	0	0.003965	0.026246	0.033883	0.087443	0.202282	1	0.734503	0.434554	0.17281	0.061023	0.03026	0.018591	0.009315	0.005992	0.004487	0.003651	0.003109	0.002689	0.002317	3.246769	4.870154	9.740308	0.877996	9	Atuberculatus_18_2
WHOLE_GENOME	653587999	13.226615	15.388793	10	10	0	0.056864	0	0.005421	0.029774	0.021152	0.070919	0.184129	0.74779	0.617517	0.519163	0.415429	0.305571	0.183765	0.093296	0.033111	0.01781	0.010489	0.006667	0.004495	0.00319	0.002387	?	?	?	0.690389	5	Atuberculatus_18_3
NON_ZERO_REGIONS	488746565	17.687607	15.420187	16	8	0	0.056864	0	0.005421	0.029774	0.021152	0.070919	0.184129	1	0.825789	0.694263	0.555543	0.408632	0.245744	0.124762	0.044279	0.023817	0.014026	0.008916	0.006011	0.004266	0.003192	3.537521	8.843803	17.687607	0.92022	11	Atuberculatus_18_3
WHOLE_GENOME	653587999	5.983599	8.790088	4	4	0	0.052678	0	0.0043	0.026498	0.037404	0.071139	0.192019	0.703749	0.49522	0.252212	0.08216	0.028554	0.014131	0.008081	0.003286	0.001743	0.001166	0.000914	0.000793	0.000725	0.000681	?	?	?	0.611734	4	Atuberculatus_19_1_1
NON_ZERO_REGIONS	459962203	8.502456	9.400795	7	4	0	0.052678	0	0.0043	0.026498	0.037404	0.071139	0.192019	1	0.703687	0.358383	0.116747	0.040574	0.020079	0.011483	0.00467	0.002477	0.001657	0.001299	0.001127	0.00103	0.000967	2.834152	4.251228	8.502456	0.866472	9	Atuberculatus_19_1_1
WHOLE_GENOME	653587999	6.255981	9.084448	5	5	0	0.053874	0	0.004499	0.028164	0.030272	0.066435	0.183244	0.704149	0.504169	0.273155	0.095588	0.032771	0.016088	0.009321	0.003878	0.002048	0.001342	0.001032	0.000872	0.000775	0.000718	?	?	?	0.614702	4	Atuberculatus_19_1_3
NON_ZERO_REGIONS	460223470	8.884454	9.687557	8	4	0	0.053874	0	0.004499	0.028164	0.030272	0.066435	0.183244	1	0.715997	0.387922	0.135749	0.046539	0.022847	0.013237	0.005507	0.002908	0.001906	0.001466	0.001239	0.0011	0.00102	2.961485	4.442227	8.884454	0.870029	9	Atuberculatus_19_1_3
WHOLE_GENOME	653587999	7.200358	13.372075	5	5	0	0.057367	0	0.00514	0.030844	0.023955	0.059098	0.176403	0.699112	0.515136	0.311516	0.126593	0.046076	0.023848	0.015309	0.008276	0.005652	0.004437	0.003759	0.003341	0.003066	0.002865	?	?	?	0.615979	4	Atuberculatus_19_3
NON_ZERO_REGIONS	456931116	10.299293	14.96175	9	4	0	0.057367	0	0.00514	0.030844	0.023955	0.059098	0.176403	1	0.736844	0.445588	0.181076	0.065906	0.034111	0.021898	0.011837	0.008085	0.006346	0.005377	0.004779	0.004385	0.004097	3.433098	5.149646	10.299293	0.877761	9	Atuberculatus_19_3
WHOLE_GENOME	653587999	9.595192	12.248644	7	7	0	0.055358	0	0.004888	0.030086	0.027203	0.065208	0.182743	0.7309	0.581992	0.4362	0.28129	0.135219	0.057907	0.031159	0.014195	0.007899	0.005004	0.003475	0.002542	0.001926	0.001519	?	?	?	0.664559	5	Atuberculatus_19_4
NON_ZERO_REGIONS	477707549	13.127911	12.605128	12	6	0	0.055358	0	0.004888	0.030086	0.027203	0.065208	0.182743	1	0.796267	0.596798	0.384854	0.185003	0.079227	0.042631	0.019421	0.010808	0.006846	0.004754	0.003478	0.002636	0.002079	3.281978	6.563955	13.127911	0.906289	10	Atuberculatus_19_4
WHOLE_GENOME	653587999	8.438997	11.575342	6	6	0	0.053827	0	0.004611	0.031959	0.026686	0.068617	0.1857	0.724331	0.563968	0.395638	0.212146	0.081977	0.035711	0.020849	0.009842	0.005856	0.004094	0.003162	0.002588	0.002179	0.001848	?	?	?	0.652237	5	Atuberculatus_19_5
NON_ZERO_REGIONS	473413945	11.650749	12.14756	10	5	0	0.053827	0	0.004611	0.031959	0.026686	0.068617	0.1857	1	0.778605	0.546212	0.292885	0.113176	0.049302	0.028784	0.013588	0.008084	0.005652	0.004365	0.003574	0.003008	0.002551	2.912687	5.825375	11.650749	0.897309	10	Atuberculatus_19_5
WHOLE_GENOME	653587999	7.883505	17.656395	0	0	0	0.093877	0	0.021476	0.035524	0.026501	0.109419	0.286797	0.431902	0.289034	0.247524	0.216895	0.182582	0.136721	0.084827	0.026996	0.016473	0.011843	0.008881	0.007082	0.005787	0.004831	?	?	?	0.366668	2	Atuberculatus_19_6
NON_ZERO_REGIONS	282286155	18.252981	23.076588	15	13	0	0.093877	0	0.021476	0.035524	0.026501	0.109419	0.286797	1	0.669213	0.573101	0.502185	0.422739	0.316554	0.196404	0.062504	0.038141	0.02742	0.020562	0.016397	0.013398	0.011185	9.126491	18.252981	18.252981	0.838799	8	Atuberculatus_19_6
WHOLE_GENOME	653587999	10.75295	12.713313	9	9	0	0.055359	0	0.005594	0.030147	0.022096	0.073931	0.187126	0.745429	0.602669	0.476387	0.340889	0.193954	0.087342	0.042121	0.016995	0.00868	0.00497	0.003136	0.002168	0.001616	0.001274	?	?	?	0.681766	5	Atuberculatus_27_10
NON_ZERO_REGIONS	487203724	14.425175	12.80052	13	7	0	0.055359	0	0.005594	0.030147	0.022096	0.073931	0.187126	1	0.808485	0.639077	0.457306	0.26019	0.117169	0.056506	0.0228	0.011645	0.006667	0.004207	0.002909	0.002168	0.00171	2.885035	7.212588	14.425175	0.91157	11	Atuberculatus_27_10
WHOLE_GENOME	653587999	8.587883	10.997202	7	7	0	0.054731	0	0.004703	0.030385	0.024815	0.075676	0.190311	0.727065	0.568339	0.405033	0.230004	0.093629	0.039547	0.022076	0.009459	0.004856	0.002867	0.001883	0.001369	0.001092	0.000939	?	?	?	0.655402	5	Atuberculatus_27_2
NON_ZERO_REGIONS	475201144	11.811708	11.325146	11	5	0	0.054731	0	0.004703	0.030385	0.024815	0.075676	0.190311	1	0.781689	0.557079	0.316346	0.128777	0.054393	0.030364	0.013009	0.006679	0.003944	0.002589	0.001882	0.001502	0.001292	2.952927	5.905854	11.811708	0.898398	10	Atuberculatus_27_2
WHOLE_GENOME	653587999	9.747732	12.490679	7	7	0	0.05662	0	0.005637	0.030084	0.022951	0.045553	0.160845	0.737181	0.586741	0.440125	0.285954	0.139408	0.059828	0.031999	0.014746	0.00838	0.005389	0.003807	0.002876	0.002279	0.001855	?	?	?	0.669743	5	Atuberculatus_27_3
NON_ZERO_REGIONS	481812601	13.222985	12.871943	12	6	0	0.05662	0	0.005637	0.030084	0.022951	0.045553	0.160845	1	0.795925	0.597039	0.387901	0.189109	0.081157	0.043408	0.020003	0.011368	0.007311	0.005164	0.003902	0.003091	0.002516	3.305746	6.611492	13.222985	0.905513	10	Atuberculatus_27_3
WHOLE_GENOME	653587999	6.821183	9.453559	5	5	0	0.055417	0	0.005119	0.031516	0.0246	0.043329	0.15998	0.706065	0.525267	0.317336	0.12428	0.042022	0.019864	0.011398	0.004667	0.00239	0.001498	0.001107	0.000913	0.00081	0.000751	?	?	?	0.623954	4	Atuberculatus_27_4
NON_ZERO_REGIONS	461475904	9.660836	9.956954	9	4	0	0.055417	0	0.005119	0.031516	0.0246	0.043329	0.15998	1	0.743935	0.449443	0.176018	0.059516	0.028133	0.016144	0.00661	0.003385	0.002121	0.001568	0.001293	0.001148	0.001063	3.220279	4.830418	9.660836	0.880436	9	Atuberculatus_27_4
WHOLE_GENOME	653587999	6.899799	9.470378	5	5	0	0.055103	0	0.00518	0.032295	0.022939	0.048835	0.164352	0.71035	0.529074	0.32202	0.129735	0.042913	0.019653	0.011213	0.004561	0.002323	0.001449	0.001066	0.000883	0.000792	0.000738	?	?	?	0.628265	4	Atuberculatus_27_5
NON_ZERO_REGIONS	464276109	9.713241	9.946425	9	4	0	0.055103	0	0.00518	0.032295	0.022939	0.048835	0.164352	1	0.744808	0.453326	0.182635	0.060411	0.027666	0.015785	0.006421	0.00327	0.00204	0.0015	0.001243	0.001115	0.001039	3.237747	4.85662	9.713241	0.881171	9	Atuberculatus_27_5
WHOLE_GENOME	653587999	6.824812	9.779267	5	5	0	0.052864	0	0.004562	0.031179	0.03022	0.06251	0.181335	0.71037	0.525741	0.309405	0.117204	0.040918	0.020654	0.01264	0.00612	0.003682	0.002524	0.001833	0.001398	0.001114	0.000927	?	?	?	0.627263	4	Atuberculatus_27_6
NON_ZERO_REGIONS	464289345	9.607403	10.387118	8	4	0	0.052864	0	0.004562	0.031179	0.03022	0.06251	0.181335	1	0.740095	0.435554	0.16499	0.057601	0.029074	0.017793	0.008615	0.005184	0.003554	0.00258	0.001968	0.001568	0.001304	3.202468	4.803702	9.607403	0.879864	9	Atuberculatus_27_6
WHOLE_GENOME	653587999	6.983551	9.872431	5	5	0	0.053369	0	0.003545	0.021521	0.095071	0.051157	0.224664	0.702388	0.524909	0.323118	0.131142	0.047227	0.02382	0.014303	0.006251	0.003331	0.002049	0.001431	0.001113	0.000939	0.000837	?	?	?	0.628513	4	Atuberculatus_27_8
NON_ZERO_REGIONS	459072665	9.942577	10.456661	9	4	0	0.053369	0	0.003545	0.021521	0.095071	0.051157	0.224664	1	0.747321	0.460028	0.186709	0.067237	0.033912	0.020363	0.008899	0.004742	0.002917	0.002037	0.001585	0.001337	0.001191	2.485644	4.971288	9.942577	0.892505	10	Atuberculatus_27_8
WHOLE_GENOME	653587999	10.936595	13.311104	8	8	0	0.056674	0	0.005756	0.027409	0.02568	0.065711	0.18123	0.736929	0.596261	0.474882	0.346062	0.202372	0.093473	0.046612	0.02032	0.01097	0.006505	0.004162	0.002855	0.002093	0.001628	?	?	?	0.674485	5	Atuberculatus_27_9
NON_ZERO_REGIONS	481647713	14.84078	13.509131	14	7	0	0.056674	0	0.005756	0.027409	0.02568	0.065711	0.18123	1	0.809116	0.644408	0.469601	0.274616	0.126841	0.063252	0.027575	0.014887	0.008828	0.005647	0.003874	0.002841	0.002209	2.968156	7.42039	14.84078	0.912453	11	Atuberculatus_27_9
WHOLE_GENOME	653587999	7.385079	9.32623	6	6	0	0.046101	0	0.003797	0.025521	0.031335	0.068268	0.175023	0.735454	0.564656	0.359581	0.14889	0.045372	0.018494	0.009823	0.003691	0.001853	0.001181	0.000898	0.000769	0.000706	0.00067	?	?	?	0.658646	5	Atuberculatus_4_11
NON_ZERO_REGIONS	480683646	10.041529	9.570286	9	4	0	0.046101	0	0.003797	0.025521	0.031335	0.068268	0.175023	1	0.767765	0.488924	0.202446	0.061692	0.025146	0.013357	0.005018	0.00252	0.001605	0.001221	0.001045	0.00096	0.000911	2.510382	5.020764	10.041529	0.893149	10	Atuberculatus_4_11
WHOLE_GENOME	653587999	10.551583	11.899354	9	8	0	0.048358	0	0.004465	0.027687	0.029772	0.066161	0.176443	0.752443	0.615857	0.487238	0.342783	0.180237	0.072221	0.032185	0.011872	0.005657	0.003159	0.00202	0.001446	0.001137	0.000959	?	?	?	0.691784	5	Atuberculatus_4_12
NON_ZERO_REGIONS	491787711	14.0231	11.810947	13	6	0	0.048358	0	0.004465	0.027687	0.029772	0.066161	0.176443	1	0.818477	0.647541	0.45556	0.239536	0.095983	0.042774	0.015777	0.007518	0.004198	0.002685	0.001921	0.001511	0.001274	2.80462	7.01155	14.0231	0.916803	11	Atuberculatus_4_12
WHOLE_GENOME	653587999	9.666038	11.22781	8	8	0	0.046344	0	0.003619	0.024826	0.032902	0.060184	0.167875	0.742991	0.604081	0.462472	0.297226	0.13214	0.049705	0.024228	0.009361	0.004515	0.00259	0.001713	0.00127	0.001033	0.000894	?	?	?	0.681586	5	Atuberculatus_4_13
NON_ZERO_REGIONS	485609879	13.009634	11.232617	12	6	0	0.046344	0	0.003619	0.024826	0.032902	0.060184	0.167875	1	0.81304	0.622447	0.40004	0.177849	0.066898	0.032609	0.012599	0.006077	0.003486	0.002306	0.001709	0.00139	0.001204	2.601927	6.504817	13.009634	0.915115	11	Atuberculatus_4_13
WHOLE_GENOME	653587999	8.440087	10.162052	7	7	0	0.046666	0	0.003787	0.026739	0.029039	0.05065	0.156881	0.733451	0.581953	0.417856	0.224389	0.079955	0.02965	0.015247	0.005752	0.002707	0.001576	0.001105	0.000885	0.000776	0.000713	?	?	?	0.665741	5	Atuberculatus_4_16
NON_ZERO_REGIONS	479374915	11.507359	10.271329	11	5	0	0.046666	0	0.003787	0.026739	0.029039	0.05065	0.156881	1	0.793444	0.569712	0.305936	0.109013	0.040425	0.020788	0.007842	0.00369	0.002149	0.001506	0.001207	0.001059	0.000972	2.87684	5.75368	11.507359	0.905211	10	Atuberculatus_4_16
WHOLE_GENOME	653587999	7.776486	9.578318	7	6	0	0.045791	0	0.003767	0.02555	0.032444	0.049889	0.157441	0.736154	0.573598	0.38489	0.177189	0.055715	0.021205	0.010951	0.004035	0.001954	0.001204	0.00091	0.000773	0.000707	0.000672	?	?	?	0.663178	5	Atuberculatus_4_18
NON_ZERO_REGIONS	481141349	10.563669	9.756202	10	5	0	0.045791	0	0.003767	0.02555	0.032444	0.049889	0.157441	1	0.779182	0.522839	0.240695	0.075684	0.028806	0.014875	0.005481	0.002654	0.001636	0.001236	0.00105	0.00096	0.000912	2.640917	5.281835	10.563669	0.898498	10	Atuberculatus_4_18
WHOLE_GENOME	653587999	10.311834	11.636555	9	8	0	0.046268	0	0.004151	0.034107	0.030546	0.058665	0.173738	0.748555	0.613977	0.484056	0.332516	0.165465	0.064159	0.02925	0.011015	0.005286	0.002928	0.001862	0.00134	0.001058	0.000898	?	?	?	0.687711	5	Atuberculatus_4_1
NON_ZERO_REGIONS	489246712	13.775649	11.540279	13	6	0	0.046268	0	0.004151	0.034107	0.030546	0.058665	0.173738	1	0.820217	0.646653	0.444211	0.221046	0.085711	0.039075	0.014715	0.007061	0.003912	0.002487	0.00179	0.001413	0.0012	2.75513	6.887825	13.775649	0.915746	11	Atuberculatus_4_1
WHOLE_GENOME	653587999	10.944171	12.309215	9	9	0	0.047164	0	0.004224	0.025456	0.034803	0.055156	0.166805	0.741837	0.611853	0.499768	0.366375	0.202532	0.08396	0.037487	0.014167	0.006881	0.003824	0.002382	0.001635	0.001227	0.000998	?	?	?	0.684947	5	Atuberculatus_4_2
NON_ZERO_REGIONS	484855521	14.752805	12.167885	14	6	0	0.047164	0	0.004224	0.025456	0.034803	0.055156	0.166805	1	0.824781	0.673689	0.493876	0.273015	0.113178	0.050533	0.019097	0.009276	0.005154	0.003211	0.002203	0.001654	0.001345	2.950561	7.376403	14.752805	0.920846	11	Atuberculatus_4_2
WHOLE_GENOME	653587999	6.785847	8.889131	6	6	0	0.043981	0	0.003815	0.026469	0.029205	0.07233	0.1758	0.723039	0.545696	0.323704	0.113877	0.032617	0.013721	0.00727	0.002759	0.001457	0.000982	0.000794	0.000705	0.000661	0.000633	?	?	?	0.642447	4	Atuberculatus_4_5
NON_ZERO_REGIONS	472569666	9.385173	9.21352	9	4	0	0.043981	0	0.003815	0.026469	0.029205	0.07233	0.1758	1	0.754726	0.447699	0.157498	0.045111	0.018976	0.010054	0.003816	0.002015	0.001358	0.001098	0.000975	0.000915	0.000876	2.346293	4.692586	9.385173	0.885976	9	Atuberculatus_4_5
WHOLE_GENOME	653587999	10.787526	12.150362	9	9	0	0.047464	0	0.004062	0.028796	0.02675	0.061075	0.168146	0.749765	0.617161	0.492635	0.353774	0.191721	0.078226	0.035197	0.01359	0.006835	0.003929	0.002472	0.0017	0.001263	0.001001	?	?	?	0.690895	5	Atuberculatus_4_8
NON_ZERO_REGIONS	490037501	14.387874	12.04583	14	6	0	0.047464	0	0.004062	0.028796	0.02675	0.061075	0.168146	1	0.823139	0.657052	0.471847	0.255708	0.104334	0.046944	0.018125	0.009117	0.00524	0.003296	0.002267	0.001684	0.001336	2.877575	7.193937	14.387874	0.918928	11	Atuberculatus_4_8
WHOLE_GENOME	653587999	13.757382	14.572947	12	11	0	0.049902	0	0.004652	0.044425	0.024118	0.058927	0.182023	0.765966	0.641165	0.548173	0.447737	0.336734	0.20361	0.098433	0.028508	0.013678	0.007494	0.00452	0.002946	0.002053	0.001525	?	?	?	0.709437	5	Atuberculatus_4_9
NON_ZERO_REGIONS	500626257	17.960823	14.204277	18	8	0	0.049902	0	0.004652	0.044425	0.024118	0.058927	0.182023	1	0.837067	0.715662	0.584539	0.43962	0.265821	0.128509	0.037218	0.017857	0.009784	0.005901	0.003846	0.00268	0.001991	2.99347	8.980411	17.960823	0.922367	11	Atuberculatus_4_9
WHOLE_GENOME	653587999	7.942235	9.835154	7	6	0	0.046429	0	0.004242	0.029748	0.02342	0.073195	0.177035	0.732589	0.571453	0.393076	0.189919	0.063303	0.024495	0.012625	0.00465	0.00223	0.001362	0.001003	0.000841	0.000756	0.000705	?	?	?	0.659282	5	Atuberculatus_5_10
NON_ZERO_REGIONS	478811677	10.841317	10.030402	10	5	0	0.046429	0	0.004242	0.029748	0.02342	0.073195	0.177035	1	0.780045	0.536557	0.259243	0.08641	0.033437	0.017234	0.006348	0.003045	0.001859	0.00137	0.001148	0.001032	0.000962	2.710329	5.420659	10.841317	0.897062	10	Atuberculatus_5_10
WHOLE_GENOME	653587999	9.61175	11.105671	8	8	0	0.047655	0	0.003987	0.02807	0.025479	0.063047	0.168237	0.740631	0.601846	0.462586	0.296576	0.13041	0.048636	0.023592	0.009037	0.00425	0.002354	0.001528	0.00113	0.000922	0.000803	?	?	?	0.678641	5	Atuberculatus_5_15
NON_ZERO_REGIONS	484067404	12.977789	11.083523	12	6	0	0.047655	0	0.003987	0.02807	0.025479	0.063047	0.168237	1	0.812613	0.624584	0.400438	0.17608	0.065669	0.031854	0.012202	0.005739	0.003178	0.002063	0.001525	0.001245	0.001084	2.595558	6.488895	12.977789	0.913736	11	Atuberculatus_5_15
WHOLE_GENOME	653587999	8.125492	10.079894	7	7	0	0.045976	0	0.003948	0.028169	0.028077	0.067894	0.174065	0.726203	0.573849	0.404435	0.200108	0.067013	0.026635	0.014573	0.006021	0.003157	0.001821	0.001197	0.000932	0.000806	0.000735	?	?	?	0.657442	5	Atuberculatus_5_16
NON_ZERO_REGIONS	474637673	11.189006	10.277838	11	5	0	0.045976	0	0.003948	0.028169	0.028077	0.067894	0.174065	1	0.790204	0.556917	0.275553	0.092278	0.036677	0.020068	0.008291	0.004347	0.002507	0.001648	0.001283	0.00111	0.001012	2.797252	5.594503	11.189006	0.902664	10	Atuberculatus_5_16
WHOLE_GENOME	653587999	10.88129	12.263112	9	9	0	0.049934	0	0.00483	0.029828	0.022826	0.068424	0.175842	0.748445	0.613221	0.494855	0.359779	0.199727	0.083296	0.037068	0.013937	0.006776	0.00374	0.002312	0.001606	0.001212	0.00098	?	?	?	0.688296	5	Atuberculatus_5_19
NON_ZERO_REGIONS	489174361	14.538539	12.155556	14	7	0	0.049934	0	0.00483	0.029828	0.022826	0.068424	0.175842	1	0.819328	0.661177	0.480702	0.266856	0.111292	0.049526	0.018622	0.009053	0.004998	0.00309	0.002146	0.001619	0.00131	2.907708	7.26927	14.538539	0.916781	11	Atuberculatus_5_19
WHOLE_GENOME	653587999	6.841059	9.29769	6	6	0	0.046743	0	0.004177	0.028337	0.02615	0.053244	0.158651	0.718604	0.542056	0.321246	0.113713	0.034982	0.01633	0.009585	0.004534	0.002662	0.001717	0.001284	0.001086	0.00094	0.000814	?	?	?	0.638224	4	Atuberculatus_5_1
NON_ZERO_REGIONS	469670875	9.519931	9.736319	9	4	0	0.046743	0	0.004177	0.028337	0.02615	0.053244	0.158651	1	0.754319	0.447041	0.158242	0.04868	0.022724	0.013338	0.00631	0.003705	0.002389	0.001787	0.001511	0.001308	0.001132	2.379983	4.759966	9.519931	0.885374	9	Atuberculatus_5_1
WHOLE_GENOME	653587999	8.072736	9.825656	7	6	0	0.045262	0	0.003889	0.028239	0.027219	0.071793	0.176403	0.739445	0.581462	0.400431	0.194319	0.063732	0.024574	0.012952	0.004801	0.00226	0.001365	0.000993	0.000827	0.00074	0.000692	?	?	?	0.6686	5	Atuberculatus_5_2
NON_ZERO_REGIONS	483292589	10.917286	9.975335	10	5	0	0.045262	0	0.003889	0.028239	0.027219	0.071793	0.176403	1	0.786349	0.541529	0.26279	0.08619	0.033233	0.017516	0.006493	0.003057	0.001846	0.001343	0.001118	0.001001	0.000935	2.729321	5.458643	10.917286	0.901589	10	Atuberculatus_5_2
WHOLE_GENOME	653587999	10.741388	12.028061	9	9	0	0.049429	0	0.004902	0.038062	0.024202	0.053845	0.170441	0.750646	0.617014	0.49289	0.351895	0.191064	0.078547	0.034719	0.012685	0.006003	0.003272	0.002041	0.001443	0.001121	0.000942	?	?	?	0.690156	5	Atuberculatus_5_4
NON_ZERO_REGIONS	490612968	14.309533	11.902714	14	6	0	0.049429	0	0.004902	0.038062	0.024202	0.053845	0.170441	1	0.821978	0.656622	0.46879	0.254533	0.10464	0.046253	0.016899	0.007997	0.004359	0.002719	0.001922	0.001494	0.001254	2.861907	7.154767	14.309533	0.916118	11	Atuberculatus_5_4
WHOLE_GENOME	653587999	8.107948	10.038228	7	6	0	0.046703	0	0.004064	0.032339	0.028815	0.065361	0.177282	0.73539	0.576784	0.398748	0.195418	0.066824	0.027101	0.014903	0.00603	0.003003	0.001816	0.001253	0.000966	0.00082	0.000735	?	?	?	0.663406	5	Atuberculatus_5_7
NON_ZERO_REGIONS	480642306	11.025366	10.240032	10	5	0	0.046703	0	0.004064	0.032339	0.028815	0.065361	0.177282	1	0.784323	0.542227	0.265733	0.090869	0.036853	0.020265	0.0082	0.004084	0.00247	0.001703	0.001314	0.001115	0.001	2.756342	5.512683	11.025366	0.899125	10	Atuberculatus_5_7
WHOLE_GENOME	653587999	7.578101	9.592352	6	6	0	0.047176	0	0.004038	0.025471	0.029229	0.066208	0.172121	0.728894	0.563108	0.370582	0.165659	0.053038	0.021376	0.011359	0.004272	0.002096	0.001306	0.000971	0.000814	0.000731	0.000687	?	?	?	0.654776	5	Atuberculatus_5_8
NON_ZERO_REGIONS	476396348	10.396712	9.845429	10	5	0	0.047176	0	0.004038	0.025471	0.029229	0.066208	0.172121	1	0.772551	0.508417	0.227274	0.072765	0.029327	0.015584	0.00586	0.002875	0.001792	0.001331	0.001116	0.001003	0.000943	2.599178	5.198356	10.396712	0.89586	10	Atuberculatus_5_8
WHOLE_GENOME	653587999	6.233226	8.539159	5	5	0	0.047772	0	0.004333	0.025892	0.03322	0.056459	0.167676	0.720942	0.525418	0.277682	0.084406	0.024663	0.010842	0.005801	0.00227	0.001271	0.000923	0.000778	0.000709	0.000668	0.000644	?	?	?	0.633747	4	Atuberculatus_6_10
NON_ZERO_REGIONS	471198745	8.645953	8.959986	8	4	0	0.047772	0	0.004333	0.025892	0.03322	0.056459	0.167676	1	0.728794	0.385166	0.117077	0.03421	0.015039	0.008046	0.003149	0.001763	0.00128	0.001079	0.000983	0.000927	0.000893	2.881984	4.322976	8.645953	0.876483	9	Atuberculatus_6_10
WHOLE_GENOME	653587999	7.275571	9.295899	6	6	0	0.046647	0	0.00412	0.026181	0.027748	0.057188	0.161883	0.7323	0.5592	0.352751	0.144155	0.043462	0.017555	0.009338	0.003588	0.001853	0.001207	0.000926	0.000793	0.00072	0.000678	?	?	?	0.654859	5	Atuberculatus_6_2
NON_ZERO_REGIONS	478622671	9.935229	9.569683	9	4	0	0.046647	0	0.00412	0.026181	0.027748	0.057188	0.161883	1	0.763621	0.481703	0.196853	0.05935	0.023973	0.012752	0.0049	0.00253	0.001648	0.001264	0.001083	0.000983	0.000926	2.483807	4.967615	9.935229	0.8917	10	Atuberculatus_6_2
WHOLE_GENOME	653587999	7.835525	9.663127	7	6	0	0.046142	0	0.003937	0.025948	0.031184	0.057124	0.164336	0.732644	0.572751	0.389091	0.182195	0.057744	0.022006	0.01146	0.004298	0.002109	0.001311	0.000979	0.000817	0.000732	0.000683	?	?	?	0.661353	5	Atuberculatus_6_3
NON_ZERO_REGIONS	478847521	10.694855	9.842285	10	5	0	0.046142	0	0.003937	0.025948	0.031184	0.057124	0.164336	1	0.781758	0.531078	0.248681	0.078816	0.030037	0.015642	0.005866	0.002879	0.001789	0.001336	0.001115	0.000999	0.000933	2.673714	5.347428	10.694855	0.900238	10	Atuberculatus_6_3
WHOLE_GENOME	653587999	7.452435	9.362951	6	6	0	0.046029	0	0.003919	0.025037	0.034123	0.051833	0.160941	0.732791	0.5653	0.36562	0.15539	0.047042	0.018542	0.009702	0.003633	0.001839	0.001186	0.000911	0.000782	0.000711	0.000668	?	?	?	0.657844	5	Atuberculatus_6_5
NON_ZERO_REGIONS	478943183	10.169937	9.591385	9	4	0	0.046029	0	0.003919	0.025037	0.034123	0.051833	0.160941	1	0.771434	0.498941	0.212053	0.064196	0.025303	0.01324	0.004958	0.00251	0.001618	0.001243	0.001067	0.00097	0.000911	2.542484	5.084969	10.169937	0.89534	10	Atuberculatus_6_5
WHOLE_GENOME	653587999	7.934836	9.781265	7	6	0	0.046381	0	0.004215	0.032515	0.030351	0.070539	0.184001	0.735176	0.574649	0.392414	0.187045	0.061651	0.023838	0.012501	0.004736	0.002308	0.001407	0.001019	0.000833	0.000741	0.000688	?	?	?	0.662233	5	Atuberculatus_6_6
NON_ZERO_REGIONS	480502235	10.793111	9.964271	10	5	0	0.046381	0	0.004215	0.032515	0.030351	0.070539	0.184001	1	0.781648	0.533769	0.254422	0.083859	0.032425	0.017004	0.006442	0.003139	0.001914	0.001387	0.001133	0.001008	0.000936	2.698278	5.396555	10.793111	0.897742	10	Atuberculatus_6_6
WHOLE_GENOME	653587999	14.182425	14.860469	12	11	0	0.047262	0	0.004157	0.027356	0.02457	0.063634	0.166979	0.766071	0.646699	0.557794	0.459373	0.352742	0.2221	0.110169	0.030338	0.014472	0.007895	0.004703	0.003044	0.00213	0.001598	?	?	?	0.714089	5	Atuberculatus_6_7
NON_ZERO_REGIONS	500694772	18.513201	14.425367	18	8	0	0.047262	0	0.004157	0.027356	0.02457	0.063634	0.166979	1	0.844177	0.728123	0.599649	0.460456	0.289921	0.14381	0.039602	0.018891	0.010305	0.006139	0.003974	0.002781	0.002086	3.085534	9.256601	18.513201	0.929642	12	Atuberculatus_6_7
WHOLE_GENOME	653587999	30.088524	28.816544	27	25	0	0.046646	0	0.003839	0.037339	0.027479	0.067765	0.183069	0.794594	0.700735	0.649957	0.61164	0.572486	0.525365	0.476305	0.391132	0.267881	0.124313	0.054744	0.033637	0.023416	0.01694	?	?	?	0.753696	6	Atuberculatus_6_9
NON_ZERO_REGIONS	519336997	37.866545	27.395745	39	18	0	0.046646	0	0.003839	0.037339	0.027479	0.067765	0.183069	1	0.881879	0.817974	0.769752	0.720476	0.661175	0.599432	0.492241	0.337129	0.156449	0.068896	0.042332	0.029469	0.021319	3.442413	12.622182	18.933273	0.945533	13	Atuberculatus_6_9
WHOLE_GENOME	653587999	9.311849	11.003525	8	8	0	0.046812	0	0.003756	0.025198	0.034509	0.068649	0.178924	0.732041	0.591257	0.452417	0.281265	0.117766	0.044188	0.022173	0.008581	0.004057	0.002255	0.001468	0.001097	0.000906	0.000805	?	?	?	0.66995	5	Atuberculatus_7_10
NON_ZERO_REGIONS	478452947	12.7204	11.047136	12	6	0	0.046812	0	0.003756	0.025198	0.034509	0.068649	0.178924	1	0.807684	0.618022	0.38422	0.160874	0.060363	0.03029	0.011722	0.005542	0.00308	0.002006	0.001498	0.001237	0.001099	2.54408	6.3602	12.7204	0.912787	11	Atuberculatus_7_10
WHOLE_GENOME	653587999	7.318066	9.289449	6	6	0	0.046376	0	0.003815	0.024994	0.031942	0.074607	0.181735	0.73716	0.565262	0.35326	0.142588	0.043912	0.018178	0.009694	0.00364	0.001824	0.001155	0.000876	0.000753	0.0007	0.000671	?	?	?	0.66029	5	Atuberculatus_7_12
NON_ZERO_REGIONS	481798618	9.927385	9.54772	9	4	0	0.046376	0	0.003815	0.024994	0.031942	0.074607	0.181735	1	0.76681	0.479217	0.193428	0.059569	0.02466	0.013151	0.004937	0.002474	0.001567	0.001188	0.001022	0.000949	0.00091	2.481846	4.963692	9.927385	0.89334	10	Atuberculatus_7_12
WHOLE_GENOME	653587999	8.29687	10.078081	7	6	0	0.046565	0	0.004084	0.03368	0.027021	0.070005	0.181353	0.745131	0.586422	0.406708	0.206042	0.071604	0.02796	0.014974	0.005994	0.002983	0.001759	0.001216	0.000943	0.00081	0.00074	?	?	?	0.673193	5	Atuberculatus_7_14
NON_ZERO_REGIONS	487008657	11.13478	10.232743	10	5	0	0.046565	0	0.004084	0.03368	0.027021	0.070005	0.181353	1	0.787006	0.545821	0.276518	0.096096	0.037523	0.020096	0.008044	0.004003	0.002361	0.001632	0.001266	0.001087	0.000993	2.783695	5.56739	11.13478	0.90041	10	Atuberculatus_7_14
WHOLE_GENOME	653587999	11.370374	13.925081	10	9	0	0.047231	0	0.004403	0.036744	0.026104	0.056358	0.17084	0.737429	0.608272	0.501506	0.376418	0.217955	0.094849	0.043773	0.017756	0.009187	0.005705	0.004043	0.003151	0.00263	0.002294	?	?	?	0.679492	5	Atuberculatus_7_2
NON_ZERO_REGIONS	481974990	15.418933	14.160744	15	7	0	0.047231	0	0.004403	0.036744	0.026104	0.056358	0.17084	1	0.824854	0.680074	0.510446	0.295561	0.128622	0.059359	0.024078	0.012458	0.007737	0.005483	0.004272	0.003567	0.00311	3.083787	7.709466	15.418933	0.918065	11	Atuberculatus_7_2
WHOLE_GENOME	653587999	7.338764	9.533901	6	6	0	0.048183	0	0.00446	0.025302	0.027294	0.042808	0.148047	0.731695	0.559804	0.352667	0.143858	0.045116	0.019352	0.010871	0.004701	0.002683	0.00181	0.001276	0.000966	0.000834	0.000772	?	?	?	0.65445	5	Atuberculatus_7_5
NON_ZERO_REGIONS	478227125	10.029812	9.860776	9	4	0	0.048183	0	0.00446	0.025302	0.027294	0.042808	0.148047	1	0.765079	0.481986	0.196609	0.061659	0.026448	0.014857	0.006425	0.003667	0.002473	0.001743	0.00132	0.001139	0.001055	2.507453	5.014906	10.029812	0.89195	10	Atuberculatus_7_5
WHOLE_GENOME	653587999	8.381405	9.725321	7	6	0	0.04803	0	0.00465	0.027164	0.02352	0.041539	0.144903	0.785276	0.595931	0.411289	0.208193	0.070477	0.024502	0.011852	0.004237	0.002048	0.001269	0.000949	0.000797	0.000723	0.00068	?	?	?	0.702869	5	Atuberculatus_7_7
NON_ZERO_REGIONS	513246867	10.673199	9.797109	10	5	0	0.04803	0	0.00465	0.027164	0.02352	0.041539	0.144903	1	0.758881	0.523751	0.265121	0.089748	0.031201	0.015093	0.005395	0.002607	0.001617	0.001208	0.001015	0.000921	0.000866	2.6683	5.3366	10.673199	0.892543	10	Atuberculatus_7_7
WHOLE_GENOME	653587999	9.041346	10.536214	8	7	0	0.045827	0	0.00377	0.024715	0.041384	0.045251	0.160946	0.744752	0.599094	0.444245	0.260236	0.100923	0.036536	0.018015	0.006766	0.003245	0.00189	0.001277	0.00099	0.000838	0.000752	?	?	?	0.680639	5	Atuberculatus_9_10
NON_ZERO_REGIONS	486761252	12.140069	10.556512	12	5	0	0.045827	0	0.00377	0.024715	0.041384	0.045251	0.160946	1	0.80442	0.5965	0.349426	0.135512	0.049058	0.02419	0.009085	0.004357	0.002537	0.001715	0.001329	0.001125	0.00101	2.428014	6.070035	12.140069	0.911619	11	Atuberculatus_9_10
WHOLE_GENOME	653587999	12.905522	13.73929	11	10	0	0.048817	0	0.004436	0.040255	0.027719	0.052758	0.173985	0.76323	0.639151	0.538777	0.428774	0.30192	0.162753	0.072256	0.021835	0.010385	0.005636	0.003404	0.002261	0.001644	0.001285	?	?	?	0.707216	5	Atuberculatus_9_11
NON_ZERO_REGIONS	498838294	16.909075	13.402662	17	8	0	0.048817	0	0.004436	0.040255	0.027719	0.052758	0.173985	1	0.837428	0.705917	0.561788	0.395582	0.213242	0.094671	0.028609	0.013607	0.007384	0.00446	0.002962	0.002154	0.001684	2.818179	8.454538	16.909075	0.923229	11	Atuberculatus_9_11
WHOLE_GENOME	653587999	7.833861	9.647247	7	6	0	0.04596	0	0.00417	0.02642	0.027779	0.052454	0.156783	0.729112	0.571052	0.390659	0.184115	0.058472	0.021882	0.011282	0.004165	0.002006	0.001208	0.000899	0.000766	0.000703	0.000666	?	?	?	0.657841	5	Atuberculatus_9_1
NON_ZERO_REGIONS	476538828	10.744387	9.817116	10	5	0	0.04596	0	0.00417	0.02642	0.027779	0.052454	0.156783	1	0.783215	0.535801	0.252519	0.080196	0.030012	0.015474	0.005712	0.002752	0.001657	0.001233	0.001051	0.000964	0.000913	2.686097	5.372194	10.744387	0.89973	10	Atuberculatus_9_1
WHOLE_GENOME	653587999	12.828494	13.682263	11	10	0	0.049108	0	0.004524	0.040521	0.023625	0.05291	0.170687	0.760864	0.638486	0.537376	0.426534	0.298728	0.15966	0.070486	0.021415	0.010202	0.005521	0.003356	0.002243	0.001622	0.00127	?	?	?	0.705514	5	Atuberculatus_9_4
NON_ZERO_REGIONS	497291850	16.860421	13.343974	16	8	0	0.049108	0	0.004524	0.040521	0.023625	0.05291	0.170687	1	0.839159	0.70627	0.560591	0.392617	0.20984	0.092639	0.028146	0.013408	0.007256	0.004411	0.002947	0.002132	0.001669	2.81007	8.430211	16.860421	0.923874	11	Atuberculatus_9_4
WHOLE_GENOME	653587999	11.100358	12.172279	10	9	0	0.046675	0	0.003942	0.025411	0.025811	0.062584	0.164424	0.753901	0.625281	0.504163	0.369073	0.209377	0.087856	0.037944	0.013481	0.006297	0.003356	0.002038	0.001409	0.001082	0.000908	?	?	?	0.697139	5	Atuberculatus_9_5
NON_ZERO_REGIONS	492740459	14.723899	11.965689	14	7	0	0.046675	0	0.003942	0.025411	0.025811	0.062584	0.164424	1	0.829394	0.668739	0.489552	0.277725	0.116535	0.05033	0.017882	0.008352	0.004452	0.002703	0.001868	0.001435	0.001205	2.94478	7.361949	14.723899	0.922428	11	Atuberculatus_9_5
WHOLE_GENOME	653587999	8.410724	10.085957	7	7	0	0.047279	0	0.004733	0.026091	0.026649	0.061214	0.165966	0.739573	0.584824	0.415279	0.220416	0.07824	0.028855	0.014625	0.005374	0.002584	0.001542	0.001096	0.000892	0.00078	0.000712	?	?	?	0.670188	5	Atuberculatus_9_6
NON_ZERO_REGIONS	483375735	11.372413	10.191476	11	5	0	0.047279	0	0.004733	0.026091	0.026649	0.061214	0.165966	1	0.79076	0.561512	0.298032	0.105791	0.039015	0.019776	0.007266	0.003494	0.002085	0.001482	0.001206	0.001054	0.000963	2.843103	5.686207	11.372413	0.90373	10	Atuberculatus_9_6
WHOLE_GENOME	653587999	10.104405	11.456106	9	8	0	0.045936	0	0.003791	0.025384	0.033508	0.061745	0.170364	0.747102	0.610582	0.476344	0.321137	0.156842	0.060735	0.027797	0.010357	0.004843	0.002631	0.00165	0.001185	0.000946	0.000818	?	?	?	0.686845	5	Atuberculatus_9_7
NON_ZERO_REGIONS	488297056	13.524795	11.375784	13	6	0	0.045936	0	0.003791	0.025384	0.033508	0.061745	0.170364	1	0.817267	0.637588	0.429843	0.209934	0.081294	0.037206	0.013863	0.006482	0.003522	0.002208	0.001585	0.001266	0.001095	2.704959	6.762397	13.524795	0.916958	11	Atuberculatus_9_7
WHOLE_GENOME	653587999	10.108135	11.520907	9	8	0	0.04666	0	0.003855	0.024764	0.030551	0.064313	0.170143	0.745643	0.608623	0.476949	0.322763	0.15658	0.060426	0.027953	0.010461	0.004929	0.002705	0.001733	0.001267	0.001012	0.000867	?	?	?	0.68506	5	Atuberculatus_9_9
NON_ZERO_REGIONS	487343401	13.556264	11.457111	13	6	0	0.04666	0	0.003855	0.024764	0.030551	0.064313	0.170143	1	0.816239	0.639648	0.432865	0.209993	0.081038	0.037489	0.01403	0.006611	0.003628	0.002325	0.001699	0.001357	0.001162	2.711253	6.778132	13.556264	0.916388	11	Atuberculatus_9_9
WHOLE_GENOME	653587999	10.744486	11.995061	9	8	0	0.046662	0	0.004128	0.035615	0.024074	0.085063	0.195541	0.760162	0.622439	0.490913	0.348937	0.190062	0.077615	0.034035	0.01236	0.005838	0.003168	0.00198	0.001414	0.00111	0.000936	?	?	?	0.69757	5	Atuberculatus_B10
NON_ZERO_REGIONS	496832820	14.134467	11.889566	13	6	0	0.046662	0	0.004128	0.035615	0.024074	0.085063	0.195541	1	0.818823	0.6458	0.45903	0.250028	0.102103	0.044773	0.01626	0.007679	0.004168	0.002605	0.001861	0.00146	0.001231	2.826893	7.067234	14.134467	0.914555	11	Atuberculatus_B10
WHOLE_GENOME	653587999	12.516418	13.318071	11	10	0	0.04649	0	0.004174	0.036057	0.023676	0.064818	0.175213	0.765886	0.640215	0.531578	0.414627	0.28274	0.145304	0.063156	0.019892	0.009423	0.005028	0.002968	0.001934	0.001401	0.001103	?	?	?	0.709104	5	Atuberculatus_B11
NON_ZERO_REGIONS	500573826	16.342406	13.002443	16	7	0	0.04649	0	0.004174	0.036057	0.023676	0.064818	0.175213	1	0.835915	0.694069	0.541369	0.369168	0.18972	0.082461	0.025972	0.012303	0.006565	0.003875	0.002525	0.001829	0.00144	2.723734	8.171203	16.342406	0.922907	11	Atuberculatus_B11
WHOLE_GENOME	653587999	14.056171	15.302563	12	11	0	0.049136	0	0.00421	0.036865	0.02882	0.050229	0.16926	0.754207	0.632511	0.545631	0.453171	0.350794	0.220096	0.108764	0.032211	0.016168	0.008994	0.005504	0.003654	0.002613	0.001997	?	?	?	0.700223	5	Atuberculatus_B13
NON_ZERO_REGIONS	492940766	18.637016	15.003654	18	9	0	0.049136	0	0.00421	0.036865	0.02882	0.050229	0.16926	1	0.838643	0.72345	0.600857	0.465117	0.291824	0.14421	0.042708	0.021437	0.011925	0.007298	0.004845	0.003465	0.002648	3.106169	9.318508	18.637016	0.925145	11	Atuberculatus_B13
WHOLE_GENOME	653587999	11.581428	13.128397	10	9	0	0.047553	0	0.004195	0.034967	0.026467	0.072267	0.18545	0.7433	0.613143	0.506587	0.389121	0.240069	0.108783	0.047977	0.017804	0.008724	0.004911	0.003073	0.002117	0.001588	0.001273	?	?	?	0.684941	5	Atuberculatus_B16
NON_ZERO_REGIONS	485812142	15.581089	13.02147	15	7	0	0.047553	0	0.004195	0.034967	0.026467	0.072267	0.18545	1	0.824893	0.681538	0.523504	0.322977	0.146351	0.064546	0.023952	0.011736	0.006607	0.004134	0.002848	0.002136	0.001713	3.116218	7.790545	15.581089	0.918353	11	Atuberculatus_B16
WHOLE_GENOME	653587999	10.329985	11.67165	9	8	0	0.048175	0	0.004201	0.034824	0.026681	0.054762	0.168644	0.759637	0.617559	0.480051	0.329402	0.166637	0.065402	0.029557	0.010878	0.005177	0.002884	0.001846	0.001325	0.001054	0.000905	?	?	?	0.694839	5	Atuberculatus_B19
NON_ZERO_REGIONS	496489892	13.598573	11.613959	13	6	0	0.048175	0	0.004201	0.034824	0.026681	0.054762	0.168644	1	0.812965	0.631948	0.43363	0.219363	0.086097	0.038909	0.01432	0.006815	0.003797	0.00243	0.001744	0.001388	0.001191	2.719715	6.799286	13.598573	0.911626	11	Atuberculatus_B19
WHOLE_GENOME	653587999	9.985846	11.459434	8	8	0	0.046941	0	0.00395	0.030162	0.027044	0.073248	0.181345	0.754725	0.612386	0.46863	0.310822	0.148765	0.057433	0.026877	0.010161	0.004882	0.002769	0.00179	0.001302	0.00104	0.000894	?	?	?	0.690364	5	Atuberculatus_B1
NON_ZERO_REGIONS	493279396	13.2311	11.448012	12	6	0	0.046941	0	0.00395	0.030162	0.027044	0.073248	0.181345	1	0.811402	0.620928	0.411835	0.197111	0.076098	0.035611	0.013463	0.006469	0.003669	0.002372	0.001725	0.001378	0.001185	2.64622	6.61555	13.2311	0.912096	11	Atuberculatus_B1
WHOLE_GENOME	653587999	10.646861	11.947224	9	8	0	0.046821	0	0.004097	0.037227	0.02532	0.080095	0.193559	0.758779	0.620472	0.488866	0.344842	0.184327	0.074439	0.033119	0.012084	0.00574	0.003162	0.001978	0.001403	0.001099	0.000931	?	?	?	0.695474	5	Atuberculatus_B3
NON_ZERO_REGIONS	495928850	14.03157	11.858338	13	6	0	0.046821	0	0.004097	0.037227	0.02532	0.080095	0.193559	1	0.817724	0.64428	0.45447	0.242926	0.098104	0.043648	0.015926	0.007565	0.004168	0.002607	0.001848	0.001449	0.001227	2.806314	7.015785	14.03157	0.913322	11	Atuberculatus_B3
WHOLE_GENOME	653587999	11.926749	13.182432	10	9	0	0.047824	0	0.00412	0.038988	0.029384	0.069431	0.189747	0.756619	0.62424	0.515219	0.397209	0.256274	0.12224	0.053249	0.018496	0.008947	0.004889	0.002985	0.002031	0.001511	0.001211	?	?	?	0.696452	5	Atuberculatus_B4
NON_ZERO_REGIONS	494516885	15.763223	13.007689	15	7	0	0.047824	0	0.00412	0.038988	0.029384	0.069431	0.189747	1	0.825038	0.68095	0.52498	0.33871	0.161562	0.070378	0.024446	0.011825	0.006462	0.003945	0.002684	0.001997	0.0016	3.152645	7.881611	15.763223	0.917008	11	Atuberculatus_B4
WHOLE_GENOME	653587999	12.528436	13.736464	11	10	0	0.049535	0	0.004511	0.039369	0.023398	0.043151	0.159964	0.755973	0.627432	0.526237	0.417456	0.286144	0.147152	0.064891	0.021738	0.010764	0.005969	0.003667	0.002465	0.001785	0.001389	?	?	?	0.697605	5	Atuberculatus_B7
NON_ZERO_REGIONS	494095062	16.572591	13.512114	16	8	0	0.049535	0	0.004511	0.039369	0.023398	0.043151	0.159964	1	0.829966	0.696105	0.55221	0.37851	0.194653	0.085838	0.028755	0.014238	0.007895	0.004851	0.00326	0.002361	0.001838	2.762099	8.286296	16.572591	0.919279	11	Atuberculatus_B7
WHOLE_GENOME	653587999	10.410857	11.719881	9	8	0	0.046741	0	0.004077	0.034518	0.029339	0.066799	0.181473	0.756531	0.618396	0.483404	0.334718	0.171621	0.067265	0.03006	0.011046	0.0052	0.002849	0.001799	0.001304	0.001045	0.000898	?	?	?	0.69361	5	Atuberculatus_B9
NON_ZERO_REGIONS	494459436	13.761313	11.638435	13	6	0	0.046741	0	0.004077	0.034518	0.029339	0.066799	0.181473	1	0.81741	0.638974	0.442439	0.226852	0.088912	0.039734	0.0146	0.006874	0.003766	0.002378	0.001724	0.001381	0.001187	2.752263	6.880656	13.761313	0.913886	11	Atuberculatus_B9
WHOLE_GENOME	653587999	13.268728	14.017481	12	11	0	0.045013	0	0.003693	0.0416	0.034654	0.07607	0.201029	0.767397	0.644687	0.544949	0.435889	0.315967	0.178428	0.0814	0.024267	0.011666	0.006305	0.003748	0.002446	0.001741	0.001334	?	?	?	0.712519	5	Atuberculatus_D10
NON_ZERO_REGIONS	501561715	17.290557	13.656768	17	8	0	0.045013	0	0.003693	0.0416	0.034654	0.07607	0.201029	1	0.840095	0.710126	0.56801	0.411739	0.23251	0.106072	0.031623	0.015202	0.008216	0.004885	0.003187	0.002269	0.001739	2.88176	8.645279	17.290557	0.925203	11	Atuberculatus_D10
WHOLE_GENOME	653587999	10.285132	11.586247	9	8	0	0.045049	0	0.003637	0.044352	0.040143	0.063764	0.196946	0.752059	0.614367	0.479929	0.330322	0.166364	0.064873	0.029283	0.010732	0.005007	0.002709	0.001697	0.001228	0.000991	0.000858	?	?	?	0.689423	5	Atuberculatus_D11
NON_ZERO_REGIONS	491536976	13.675957	11.494575	13	6	0	0.045049	0	0.003637	0.044352	0.040143	0.063764	0.196946	1	0.816913	0.638153	0.439223	0.221212	0.086261	0.038938	0.01427	0.006658	0.003603	0.002257	0.001633	0.001318	0.001141	2.735191	6.837979	13.675957	0.913091	11	Atuberculatus_D11
WHOLE_GENOME	653587999	11.321156	12.34754	10	9	0	0.044506	0	0.003669	0.045661	0.03619	0.073695	0.20372	0.756127	0.624069	0.507743	0.379398	0.225213	0.097308	0.041043	0.014046	0.006472	0.003455	0.002101	0.001439	0.001102	0.000915	?	?	?	0.695306	5	Atuberculatus_D12
NON_ZERO_REGIONS	494195537	14.972559	12.122881	15	7	0	0.044506	0	0.003669	0.045661	0.03619	0.073695	0.20372	1	0.825349	0.671505	0.501765	0.297851	0.128693	0.05428	0.018576	0.00856	0.004569	0.002778	0.001903	0.001458	0.00121	2.994512	7.486279	14.972559	0.915742	11	Atuberculatus_D12
WHOLE_GENOME	653587999	10.514648	11.744536	9	8	0	0.043639	0	0.003325	0.043768	0.041898	0.079197	0.211826	0.756069	0.621043	0.487994	0.34012	0.176163	0.069432	0.030755	0.011267	0.005319	0.002937	0.001861	0.001335	0.001054	0.000897	?	?	?	0.694457	5	Atuberculatus_D14
NON_ZERO_REGIONS	494157392	13.907002	11.63007	13	6	0	0.043639	0	0.003325	0.043768	0.041898	0.079197	0.211826	1	0.821411	0.645436	0.449853	0.232999	0.091833	0.040678	0.014903	0.007036	0.003884	0.002461	0.001766	0.001394	0.001186	2.7814	6.953501	13.907002	0.915031	11	Atuberculatus_D14
WHOLE_GENOME	653587999	12.518045	13.495972	11	10	0	0.044438	0	0.003158	0.041491	0.050375	0.077088	0.21655	0.758918	0.635238	0.530519	0.41499	0.282534	0.145847	0.064409	0.020939	0.010204	0.005558	0.003326	0.002164	0.001545	0.001198	?	?	?	0.703039	5	Atuberculatus_D15
NON_ZERO_REGIONS	496019591	16.494599	13.206424	16	7	0	0.044438	0	0.003158	0.041491	0.050375	0.077088	0.21655	1	0.837031	0.699046	0.546818	0.372285	0.192177	0.084869	0.027591	0.013445	0.007324	0.004382	0.002852	0.002036	0.001579	2.7491	8.247299	16.494599	0.923014	11	Atuberculatus_D15
WHOLE_GENOME	653587999	10.786958	11.94586	9	9	0	0.04439	0	0.003557	0.044176	0.038373	0.065605	0.196101	0.752709	0.619938	0.494876	0.356077	0.194342	0.078615	0.034035	0.012203	0.005685	0.003085	0.001915	0.001341	0.001046	0.000883	?	?	?	0.691591	5	Atuberculatus_D1
NON_ZERO_REGIONS	491961302	14.330856	11.781326	14	6	0	0.04439	0	0.003557	0.044176	0.038373	0.065605	0.196101	1	0.82361	0.65746	0.473061	0.25819	0.104443	0.045216	0.016212	0.007553	0.004098	0.002545	0.001782	0.001389	0.001174	2.866171	7.165428	14.330856	0.915244	11	Atuberculatus_D1
WHOLE_GENOME	653587999	10.059844	11.385466	9	8	0	0.044234	0	0.003425	0.043081	0.042656	0.071711	0.205106	0.749434	0.610933	0.473664	0.319922	0.155669	0.059102	0.026612	0.009776	0.004598	0.002531	0.001619	0.001167	0.000938	0.000814	?	?	?	0.686227	5	Atuberculatus_D2
NON_ZERO_REGIONS	489821179	13.423252	11.305799	13	6	0	0.044234	0	0.003425	0.043081	0.042656	0.071711	0.205106	1	0.815192	0.632028	0.426885	0.207715	0.078863	0.035509	0.013045	0.006135	0.003377	0.002161	0.001557	0.001252	0.001086	2.68465	6.711626	13.423252	0.912164	11	Atuberculatus_D2
WHOLE_GENOME	653587999	10.728215	11.849332	9	9	0	0.043804	0	0.003507	0.045727	0.041345	0.067515	0.201897	0.752803	0.619739	0.493503	0.35354	0.192468	0.077493	0.033074	0.011523	0.005315	0.002876	0.001799	0.001273	0.001011	0.000867	?	?	?	0.691468	5	Atuberculatus_D4
NON_ZERO_REGIONS	492023285	14.251017	11.67511	14	6	0	0.043804	0	0.003507	0.045727	0.041345	0.067515	0.201897	1	0.823242	0.655553	0.469631	0.255668	0.10294	0.043934	0.015306	0.00706	0.00382	0.00239	0.001691	0.001342	0.001152	2.850203	7.125509	14.251017	0.914859	11	Atuberculatus_D4
WHOLE_GENOME	653587999	10.742251	11.952063	9	8	0	0.044753	0	0.003445	0.043669	0.041112	0.070713	0.203693	0.755494	0.622333	0.493655	0.351156	0.189081	0.076521	0.033575	0.012204	0.005787	0.00317	0.001982	0.001402	0.001094	0.000923	?	?	?	0.694172	5	Atuberculatus_D5
NON_ZERO_REGIONS	493781730	14.218845	11.817396	14	6	0	0.044753	0	0.003445	0.043669	0.041112	0.070713	0.203693	1	0.823743	0.65342	0.464803	0.250274	0.101286	0.044441	0.016153	0.00766	0.004196	0.002624	0.001856	0.001448	0.001222	2.843769	7.109423	14.218845	0.915377	11	Atuberculatus_D5
WHOLE_GENOME	653587999	11.617805	12.70833	10	9	0	0.045018	0	0.003671	0.046254	0.037972	0.073917	0.206832	0.751773	0.623343	0.51295	0.391389	0.24205	0.108962	0.046103	0.015796	0.007535	0.004083	0.002473	0.001672	0.001261	0.001028	?	?	?	0.693347	5	Atuberculatus_D6
NON_ZERO_REGIONS	491349918	15.45387	12.471792	15	7	0	0.045018	0	0.003671	0.046254	0.037972	0.073917	0.206832	1	0.829163	0.68232	0.520621	0.321972	0.14494	0.061326	0.021012	0.010023	0.005431	0.003289	0.002224	0.001677	0.001368	2.575645	7.726935	15.45387	0.918444	11	Atuberculatus_D6
WHOLE_GENOME	653587999	13.608513	15.983759	11	11	0	0.045391	0	0.003594	0.040873	0.037725	0.087398	0.21498	0.756844	0.637135	0.541643	0.43755	0.321604	0.184846	0.086801	0.028493	0.015068	0.009162	0.006217	0.004562	0.003557	0.002907	?	?	?	0.703066	5	Atuberculatus_E10
NON_ZERO_REGIONS	494664037	17.98061	16.091846	17	8	0	0.045391	0	0.003594	0.040873	0.037725	0.087398	0.21498	1	0.841832	0.715661	0.578125	0.424928	0.244233	0.114688	0.037647	0.019909	0.012105	0.008214	0.006027	0.0047	0.003842	2.996768	8.990305	17.98061	0.925682	11	Atuberculatus_E10
WHOLE_GENOME	653587999	10.937583	12.414272	9	9	0	0.046236	0	0.003918	0.045163	0.030783	0.077954	0.204053	0.750001	0.616657	0.495414	0.359401	0.198561	0.082735	0.037887	0.015051	0.007602	0.00423	0.002616	0.001822	0.00136	0.001087	?	?	?	0.688579	5	Atuberculatus_E14
NON_ZERO_REGIONS	490191595	14.583426	12.341653	14	6	0	0.046236	0	0.003918	0.045163	0.030783	0.077954	0.204053	1	0.822208	0.660551	0.479201	0.264748	0.110313	0.050516	0.020068	0.010136	0.00564	0.003488	0.00243	0.001813	0.001449	2.916685	7.291713	14.583426	0.914296	11	Atuberculatus_E14
WHOLE_GENOME	653587999	11.745406	12.811605	10	9	0	0.045224	0	0.003693	0.042048	0.040451	0.07305	0.204466	0.752148	0.625633	0.516764	0.396117	0.246236	0.111974	0.04824	0.016881	0.008054	0.00438	0.002642	0.001763	0.001298	0.001032	?	?	?	0.694586	5	Atuberculatus_E15
NON_ZERO_REGIONS	491595021	15.615814	12.56125	15	7	0	0.045224	0	0.003693	0.042048	0.040451	0.07305	0.204466	1	0.831795	0.687051	0.526648	0.327377	0.148872	0.064136	0.022444	0.010708	0.005824	0.003513	0.002344	0.001726	0.001372	2.602636	7.807907	15.615814	0.920037	11	Atuberculatus_E15
WHOLE_GENOME	653587999	10.634695	12.238933	9	9	0	0.046237	0	0.003814	0.041337	0.033462	0.073817	0.198667	0.744884	0.609183	0.48777	0.347828	0.183206	0.074191	0.034825	0.014144	0.007114	0.003965	0.002485	0.001751	0.00132	0.001066	?	?	?	0.68297	5	Atuberculatus_E19
NON_ZERO_REGIONS	486847143	14.276985	12.210358	14	6	0	0.046237	0	0.003814	0.041337	0.033462	0.073817	0.198667	1	0.817822	0.654827	0.466956	0.245952	0.099601	0.046753	0.018989	0.009551	0.005324	0.003336	0.002351	0.001772	0.001431	2.855397	7.138492	14.276985	0.913317	11	Atuberculatus_E19
WHOLE_GENOME	653587999	9.737729	11.132204	8	8	0	0.04465	0	0.003366	0.042268	0.049984	0.077876	0.218143	0.750557	0.609543	0.462264	0.299652	0.137501	0.051706	0.024237	0.009023	0.004241	0.002362	0.001526	0.001111	0.000903	0.00079	?	?	?	0.686603	5	Atuberculatus_E2
NON_ZERO_REGIONS	490554954	12.974006	11.096151	12	6	0	0.04465	0	0.003366	0.042268	0.049984	0.077876	0.218143	1	0.812121	0.615895	0.39924	0.183199	0.06889	0.032291	0.012022	0.00565	0.003147	0.002033	0.00148	0.001203	0.001053	2.594801	6.487003	12.974006	0.911391	11	Atuberculatus_E2
WHOLE_GENOME	653587999	10.691789	11.866426	9	8	0	0.044704	0	0.003391	0.04023	0.048236	0.063968	0.200528	0.75353	0.621289	0.492612	0.349259	0.186168	0.075165	0.033556	0.012335	0.005793	0.003146	0.001939	0.001343	0.001038	0.000871	?	?	?	0.693846	5	Atuberculatus_E3
NON_ZERO_REGIONS	492498464	14.188928	11.715337	14	6	0	0.044704	0	0.003391	0.04023	0.048236	0.063968	0.200528	1	0.824504	0.653739	0.463497	0.247062	0.099751	0.044532	0.016369	0.007687	0.004175	0.002573	0.001782	0.001378	0.001156	2.837786	7.094464	14.188928	0.917558	11	Atuberculatus_E3
WHOLE_GENOME	653587999	10.728571	12.161389	9	9	0	0.045619	0	0.003408	0.04139	0.047796	0.066247	0.204461	0.741083	0.609959	0.491139	0.353846	0.190567	0.07832	0.036415	0.014275	0.006902	0.003794	0.002289	0.001536	0.001148	0.000936	?	?	?	0.681808	5	Atuberculatus_E6
NON_ZERO_REGIONS	484363270	14.476872	12.054382	14	6	0	0.045619	0	0.003408	0.04139	0.047796	0.066247	0.204461	1	0.823063	0.662731	0.477471	0.257146	0.105683	0.049138	0.019262	0.009314	0.005119	0.003089	0.002072	0.001549	0.001263	2.895374	7.238436	14.476872	0.91652	11	Atuberculatus_E6
WHOLE_GENOME	653587999	10.1769	11.724042	9	8	0	0.044538	0	0.003472	0.040983	0.042356	0.073889	0.205238	0.746326	0.610448	0.476797	0.323309	0.157207	0.061145	0.029115	0.011697	0.0058	0.00324	0.002101	0.001504	0.001151	0.000952	?	?	?	0.684756	5	Atuberculatus_E7
NON_ZERO_REGIONS	487789547	13.636002	11.704906	13	6	0	0.044538	0	0.003472	0.040983	0.042356	0.073889	0.205238	1	0.817938	0.638859	0.433201	0.210641	0.081928	0.039011	0.015673	0.007771	0.004342	0.002815	0.002015	0.001542	0.001275	2.7272	6.818001	13.636002	0.914132	11	Atuberculatus_E7
WHOLE_GENOME	653587999	9.25594	11.247968	8	7	0	0.046547	0	0.003388	0.052666	0.047383	0.07164	0.221624	0.746787	0.60104	0.443132	0.262787	0.107801	0.042378	0.0223	0.009286	0.004879	0.003057	0.002196	0.001739	0.001472	0.001287	?	?	?	0.6786	5	Atuberculatus_F10
NON_ZERO_REGIONS	488091199	12.394346	11.424372	12	5	0	0.046547	0	0.003388	0.052666	0.047383	0.07164	0.221624	1	0.804834	0.593385	0.35189	0.144353	0.056747	0.029861	0.012435	0.006533	0.004094	0.00294	0.002329	0.001971	0.001723	2.478869	6.197173	12.394346	0.904578	10	Atuberculatus_F10
WHOLE_GENOME	653587999	9.025642	11.004773	7	7	0	0.046413	0	0.003275	0.052748	0.04804	0.092672	0.243148	0.74509	0.596175	0.430831	0.246213	0.099326	0.040954	0.022507	0.009708	0.005174	0.0032	0.002221	0.001624	0.00122	0.000961	?	?	?	0.674812	5	Atuberculatus_F11
NON_ZERO_REGIONS	486981687	12.113497	11.186277	11	5	0	0.046413	0	0.003275	0.052748	0.04804	0.092672	0.243148	1	0.800138	0.578227	0.330447	0.133308	0.054965	0.030207	0.013029	0.006944	0.004295	0.002981	0.00218	0.001638	0.00129	2.422699	6.056749	12.113497	0.901601	10	Atuberculatus_F11
WHOLE_GENOME	653587999	9.139285	10.80876	8	7	0	0.049497	0	0.004346	0.060707	0.033479	0.058761	0.206791	0.746734	0.595156	0.438188	0.263828	0.110128	0.042074	0.021303	0.008347	0.00392	0.002178	0.001412	0.001057	0.000877	0.00078	?	?	?	0.674529	5	Atuberculatus_F12
NON_ZERO_REGIONS	488056517	12.239006	10.886512	11	6	0	0.049497	0	0.004346	0.060707	0.033479	0.058761	0.206791	1	0.797012	0.586805	0.353309	0.14748	0.056343	0.028528	0.011178	0.005249	0.002916	0.00189	0.001416	0.001174	0.001044	3.059752	6.119503	12.239006	0.898399	10	Atuberculatus_F12
WHOLE_GENOME	653587999	11.493521	12.807222	10	9	0	0.047947	0	0.003649	0.034582	0.042895	0.07416	0.203232	0.762419	0.631691	0.508788	0.375356	0.222653	0.099725	0.045785	0.017521	0.008523	0.004711	0.002902	0.001965	0.001468	0.001183	?	?	?	0.704152	5	Atuberculatus_F13
NON_ZERO_REGIONS	498307604	15.07508	12.694304	14	7	0	0.047947	0	0.003649	0.034582	0.042895	0.07416	0.203232	1	0.828535	0.667334	0.492323	0.292035	0.130801	0.060053	0.022981	0.011179	0.006179	0.003806	0.002577	0.001926	0.001552	3.015016	7.53754	15.07508	0.920707	11	Atuberculatus_F13
WHOLE_GENOME	653587999	10.815729	12.433188	9	8	0	0.048247	0	0.003481	0.032856	0.044546	0.083201	0.212331	0.755458	0.620784	0.489618	0.345327	0.1844	0.078171	0.038465	0.016295	0.008406	0.004634	0.002822	0.001938	0.001474	0.00119	?	?	?	0.695404	5	Atuberculatus_F15
NON_ZERO_REGIONS	493758334	14.316782	12.429774	13	6	0	0.048247	0	0.003481	0.032856	0.044546	0.083201	0.212331	1	0.821732	0.648107	0.457109	0.24409	0.103475	0.050916	0.02157	0.011127	0.006134	0.003736	0.002566	0.001951	0.001576	2.863356	7.158391	14.316782	0.91775	11	Atuberculatus_F15
WHOLE_GENOME	653587999	11.441159	12.644232	10	9	0	0.048011	0	0.003898	0.041669	0.036825	0.061146	0.19155	0.762287	0.629375	0.507026	0.375411	0.2252	0.10067	0.044557	0.016132	0.007757	0.004293	0.00264	0.001794	0.001331	0.001066	?	?	?	0.701776	5	Atuberculatus_F1
NON_ZERO_REGIONS	498221426	15.008997	12.497329	14	7	0	0.048011	0	0.003898	0.041669	0.036825	0.061146	0.19155	1	0.825641	0.665138	0.49248	0.295427	0.132063	0.058452	0.021163	0.010176	0.005632	0.003463	0.002354	0.001746	0.001398	3.001799	7.504499	15.008997	0.917148	11	Atuberculatus_F1
WHOLE_GENOME	653587999	10.168387	11.656805	9	8	0	0.047325	0	0.00353	0.042694	0.039743	0.060713	0.194004	0.752119	0.614548	0.473335	0.31741	0.155799	0.062258	0.030188	0.012029	0.005947	0.003388	0.002127	0.001453	0.001093	0.000903	?	?	?	0.688629	5	Atuberculatus_F4
NON_ZERO_REGIONS	491576271	13.519644	11.634279	13	6	0	0.047325	0	0.00353	0.042694	0.039743	0.060713	0.194004	1	0.817088	0.629335	0.42202	0.207147	0.082776	0.040137	0.015994	0.007907	0.004504	0.002828	0.001931	0.001453	0.001201	2.703929	6.759822	13.519644	0.912153	11	Atuberculatus_F4
WHOLE_GENOME	653587999	11.228914	12.913988	9	9	0	0.047439	0	0.003617	0.051476	0.040567	0.067879	0.210979	0.753169	0.62309	0.498958	0.363493	0.209926	0.092253	0.042576	0.016704	0.00869	0.005213	0.003474	0.002515	0.001941	0.00158	?	?	?	0.692231	5	Atuberculatus_F5
NON_ZERO_REGIONS	492262424	14.908884	12.905872	14	7	0	0.047439	0	0.003617	0.051476	0.040567	0.067879	0.210979	1	0.82729	0.662479	0.482618	0.278724	0.122486	0.05653	0.022179	0.011538	0.006922	0.004613	0.003339	0.002577	0.002098	2.981777	7.454442	14.908884	0.915183	11	Atuberculatus_F5
WHOLE_GENOME	653587999	10.264372	11.618607	9	8	0	0.047439	0	0.00357	0.053998	0.044265	0.066268	0.21554	0.750807	0.614921	0.478744	0.326691	0.163819	0.064718	0.029978	0.01117	0.005229	0.002873	0.001817	0.0013	0.001032	0.000884	?	?	?	0.687365	5	Atuberculatus_F7
NON_ZERO_REGIONS	490718675	13.671112	11.542179	13	6	0	0.047439	0	0.00357	0.053998	0.044265	0.066268	0.21554	1	0.819013	0.637639	0.43512	0.21819	0.086198	0.039928	0.014877	0.006964	0.003826	0.00242	0.001732	0.001375	0.001178	2.734222	6.835556	13.671112	0.911381	11	Atuberculatus_F7
WHOLE_GENOME	653587999	9.21624	11.030245	8	7	0	0.04888	0	0.003526	0.058807	0.051152	0.069064	0.23143	0.747524	0.600389	0.441907	0.261047	0.107988	0.043345	0.02294	0.00928	0.004566	0.002635	0.001768	0.001327	0.001081	0.000933	?	?	?	0.678301	5	Atuberculatus_F9
NON_ZERO_REGIONS	488572925	12.329017	11.152646	11	5	0	0.04888	0	0.003526	0.058807	0.051152	0.069064	0.23143	1	0.80317	0.591161	0.349216	0.144461	0.057984	0.030688	0.012414	0.006108	0.003525	0.002365	0.001776	0.001447	0.001248	2.465803	6.164509	12.329017	0.9028	10	Atuberculatus_F9
WHOLE_GENOME	653587999	11.024825	12.875762	9	9	0	0.050997	0	0.004264	0.04357	0.029084	0.095526	0.223441	0.750495	0.6119	0.486846	0.353261	0.203268	0.090553	0.043454	0.017664	0.009113	0.005327	0.003462	0.002494	0.001921	0.00152	?	?	?	0.686783	5	Atuberculatus_G10
NON_ZERO_REGIONS	490514437	14.690074	12.925109	14	7	0	0.050997	0	0.004264	0.04357	0.029084	0.095526	0.223441	1	0.815329	0.6487	0.470705	0.270846	0.120658	0.0579	0.023536	0.012142	0.007097	0.004613	0.003324	0.00256	0.002025	2.938015	7.345037	14.690074	0.911282	11	Atuberculatus_G10
WHOLE_GENOME	653587999	12.153201	13.623326	10	10	0	0.049735	0	0.004293	0.038762	0.028518	0.082643	0.20395	0.75915	0.627927	0.514466	0.39343	0.261132	0.132354	0.060508	0.021748	0.011027	0.006327	0.004042	0.002833	0.002122	0.00164	?	?	?	0.699944	5	Atuberculatus_G11
NON_ZERO_REGIONS	496171015	16.008969	13.518531	15	7	0	0.049735	0	0.004293	0.038762	0.028518	0.082643	0.20395	1	0.827146	0.677688	0.51825	0.34398	0.174346	0.079705	0.028648	0.014526	0.008335	0.005325	0.003731	0.002796	0.00216	3.201794	8.004485	16.008969	0.918678	11	Atuberculatus_G11
WHOLE_GENOME	653587999	12.924238	14.285829	11	10	0	0.051535	0	0.004384	0.042635	0.03005	0.084843	0.213447	0.761575	0.631848	0.528724	0.416712	0.297196	0.165988	0.078	0.026447	0.013414	0.007582	0.004651	0.00306	0.002159	0.00163	?	?	?	0.702394	5	Atuberculatus_G13
NON_ZERO_REGIONS	497756473	16.970401	14.117801	16	8	0	0.051535	0	0.004384	0.042635	0.03005	0.084843	0.213447	1	0.829659	0.694251	0.547171	0.390238	0.217953	0.102419	0.034727	0.017613	0.009956	0.006106	0.004017	0.002835	0.002141	2.8284	8.485201	16.970401	0.918531	11	Atuberculatus_G13
WHOLE_GENOME	653587999	11.548177	13.130638	10	9	0	0.0493	0	0.003852	0.042156	0.035942	0.089604	0.220854	0.759233	0.625515	0.503358	0.37204	0.226499	0.105615	0.049373	0.01924	0.009806	0.005695	0.003703	0.002636	0.002012	0.00158	?	?	?	0.69806	5	Atuberculatus_G15
NON_ZERO_REGIONS	496225485	15.210323	13.091481	14	7	0	0.0493	0	0.003852	0.042156	0.035942	0.089604	0.220854	1	0.823878	0.662982	0.490021	0.298327	0.139108	0.065031	0.025342	0.012915	0.0075	0.004877	0.003472	0.00265	0.002081	3.042065	7.605161	15.210323	0.915846	11	Atuberculatus_G15
WHOLE_GENOME	653587999	11.080541	12.657848	9	9	0	0.050303	0	0.003803	0.03365	0.043508	0.076699	0.207963	0.751424	0.61723	0.49174	0.357644	0.207789	0.09205	0.043046	0.016919	0.008373	0.004639	0.00286	0.001956	0.001451	0.00116	?	?	?	0.691161	5	Atuberculatus_G2
NON_ZERO_REGIONS	491121797	14.746054	12.616316	14	7	0	0.050303	0	0.003803	0.03365	0.043508	0.076699	0.207963	1	0.821413	0.65441	0.475955	0.276527	0.122501	0.057285	0.022516	0.011143	0.006173	0.003807	0.002603	0.001931	0.001544	2.949211	7.373027	14.746054	0.916876	11	Atuberculatus_G2
WHOLE_GENOME	653587999	10.463724	12.712704	9	8	0	0.049465	0	0.003682	0.036389	0.042058	0.096274	0.227867	0.750357	0.609683	0.472228	0.323791	0.167483	0.07087	0.035849	0.015516	0.00839	0.005172	0.003513	0.00261	0.002089	0.001782	?	?	?	0.686802	5	Atuberculatus_G5
NON_ZERO_REGIONS	490424326	13.944995	12.916461	13	6	0	0.049465	0	0.003682	0.036389	0.042058	0.096274	0.227867	1	0.812523	0.629337	0.431516	0.223204	0.094449	0.047776	0.020678	0.011181	0.006892	0.004682	0.003478	0.002784	0.002375	2.788999	6.972497	13.944995	0.912074	11	Atuberculatus_G5
WHOLE_GENOME	653587999	12.204794	13.604541	10	10	0	0.051755	0	0.004277	0.042568	0.030362	0.085591	0.214553	0.761017	0.629227	0.516322	0.395482	0.262491	0.133607	0.06179	0.022572	0.01137	0.006322	0.003826	0.002517	0.001791	0.001372	?	?	?	0.701045	5	Atuberculatus_G7
NON_ZERO_REGIONS	497391377	16.037485	13.481057	15	7	0	0.051755	0	0.004277	0.042568	0.030362	0.085591	0.214553	1	0.826824	0.678463	0.519676	0.344921	0.175564	0.081194	0.02966	0.014941	0.008308	0.005027	0.003307	0.002353	0.001803	3.207497	8.018743	16.037485	0.91755	11	Atuberculatus_G7
WHOLE_GENOME	653587999	10.737064	12.155242	9	8	0	0.047096	0	0.003491	0.038633	0.045301	0.081305	0.215826	0.760518	0.614869	0.488432	0.347189	0.187555	0.078642	0.037242	0.014532	0.006889	0.003764	0.002294	0.001558	0.001169	0.00096	?	?	?	0.694671	5	Atuberculatus_H10
NON_ZERO_REGIONS	497065475	14.118092	12.10544	13	7	0	0.047096	0	0.003491	0.038633	0.045301	0.081305	0.215826	1	0.808486	0.642236	0.456516	0.246615	0.103405	0.04897	0.019108	0.009058	0.004949	0.003016	0.002048	0.001537	0.001263	2.823618	7.059046	14.118092	0.90987	10	Atuberculatus_H10
WHOLE_GENOME	653587999	10.30339	11.843896	9	8	0	0.046781	0	0.003546	0.038543	0.04959	0.090199	0.228659	0.747251	0.608445	0.477951	0.329474	0.165879	0.066703	0.032255	0.012598	0.006005	0.003303	0.00203	0.001395	0.001076	0.000911	?	?	?	0.684311	5	Atuberculatus_H11
NON_ZERO_REGIONS	488394351	13.788391	11.81832	13	6	0	0.046781	0	0.003546	0.038543	0.04959	0.090199	0.228659	1	0.814244	0.639613	0.440915	0.221986	0.089265	0.043165	0.016859	0.008036	0.00442	0.002717	0.001867	0.00144	0.001219	2.757678	6.894195	13.788391	0.912397	11	Atuberculatus_H11
WHOLE_GENOME	653587999	9.891404	11.594009	8	8	0	0.046565	0	0.003288	0.038554	0.048093	0.079283	0.215784	0.750045	0.609993	0.463383	0.300966	0.140261	0.055488	0.027949	0.01169	0.006024	0.003483	0.002229	0.001621	0.001285	0.001062	?	?	?	0.686394	5	Atuberculatus_H14
NON_ZERO_REGIONS	490220289	13.187751	11.651006	12	6	0	0.046565	0	0.003288	0.038554	0.048093	0.079283	0.215784	1	0.813275	0.617807	0.401264	0.187003	0.07398	0.037263	0.015586	0.008032	0.004644	0.002972	0.002161	0.001714	0.001416	2.63755	6.593876	13.187751	0.911909	11	Atuberculatus_H14
WHOLE_GENOME	653587999	10.24045	11.726149	9	8	0	0.049151	0	0.004709	0.040238	0.026663	0.082191	0.202951	0.752876	0.6098	0.473873	0.324815	0.16525	0.066316	0.030751	0.011565	0.005508	0.002997	0.001874	0.001319	0.001037	0.000885	?	?	?	0.687512	5	Atuberculatus_H19
NON_ZERO_REGIONS	492070901	13.601769	11.70113	13	6	0	0.049151	0	0.004709	0.040238	0.026663	0.082191	0.202951	1	0.80996	0.629416	0.431432	0.219491	0.088084	0.040844	0.015361	0.007317	0.003981	0.002489	0.001752	0.001378	0.001175	2.720354	6.800885	13.601769	0.909601	10	Atuberculatus_H19
WHOLE_GENOME	653587999	11.606517	12.979859	10	9	0	0.047377	0	0.003749	0.036639	0.034166	0.090532	0.212463	0.759919	0.628321	0.507694	0.376846	0.230343	0.107673	0.049763	0.018847	0.009436	0.005269	0.003192	0.002097	0.001511	0.001193	?	?	?	0.699924	5	Atuberculatus_H1
NON_ZERO_REGIONS	496673681	15.273369	12.872393	14	7	0	0.047377	0	0.003749	0.036639	0.034166	0.090532	0.212463	1	0.826827	0.66809	0.495903	0.303115	0.14169	0.065485	0.024801	0.012417	0.006934	0.0042	0.00276	0.001989	0.00157	3.054674	7.636684	15.273369	0.917998	11	Atuberculatus_H1
WHOLE_GENOME	653587999	12.607475	13.578754	11	10	0	0.047432	0	0.00383	0.041314	0.031993	0.073399	0.197968	0.767297	0.640885	0.530797	0.411296	0.279507	0.147836	0.069772	0.022855	0.010566	0.005734	0.003402	0.0022	0.001559	0.001205	?	?	?	0.70901	5	Atuberculatus_H2
NON_ZERO_REGIONS	501496017	16.431027	13.322034	16	8	0	0.047432	0	0.00383	0.041314	0.031993	0.073399	0.197968	1	0.835251	0.691775	0.536032	0.364275	0.192671	0.090932	0.029786	0.01377	0.007473	0.004434	0.002868	0.002032	0.00157	2.738505	8.215514	16.431027	0.920649	11	Atuberculatus_H2
WHOLE_GENOME	653587999	11.364841	12.461556	10	9	0	0.046597	0	0.00417	0.04022	0.026715	0.091324	0.209025	0.761232	0.628273	0.505883	0.374335	0.223866	0.099312	0.043153	0.015101	0.007128	0.003806	0.002284	0.001545	0.001163	0.000959	?	?	?	0.700892	5	Atuberculatus_H4
NON_ZERO_REGIONS	497532284	14.929532	12.279232	14	7	0	0.046597	0	0.00417	0.04022	0.026715	0.091324	0.209025	1	0.825336	0.664558	0.491749	0.294083	0.130462	0.056688	0.019838	0.009363	0.005	0.003001	0.002029	0.001527	0.00126	2.985906	7.464766	14.929532	0.917386	11	Atuberculatus_H4
WHOLE_GENOME	653587999	10.962609	12.22203	9	9	0	0.046642	0	0.003402	0.036487	0.050408	0.075613	0.212552	0.756634	0.623579	0.495873	0.357218	0.200348	0.08495	0.038235	0.014155	0.006776	0.003703	0.002281	0.001562	0.001185	0.000976	?	?	?	0.69686	5	Atuberculatus_H6
NON_ZERO_REGIONS	494526930	14.488654	12.096972	14	7	0	0.046642	0	0.003402	0.036487	0.050408	0.075613	0.212552	1	0.824149	0.655367	0.472114	0.264789	0.112274	0.050533	0.018708	0.008955	0.004894	0.003014	0.002064	0.001566	0.00129	2.897731	7.244327	14.488654	0.917997	11	Atuberculatus_H6
WHOLE_GENOME	653587999	10.809466	12.028868	9	8	0	0.047826	0	0.004142	0.041088	0.03104	0.075538	0.199634	0.761628	0.622655	0.492831	0.351089	0.191794	0.079729	0.03589	0.013137	0.006169	0.003352	0.002077	0.001443	0.001104	0.000917	?	?	?	0.697797	5	Atuberculatus_H8
NON_ZERO_REGIONS	497790604	14.192588	11.914877	14	6	0	0.047826	0	0.004142	0.041088	0.03104	0.075538	0.199634	1	0.817532	0.647076	0.460972	0.251821	0.104682	0.047123	0.017249	0.0081	0.004402	0.002727	0.001894	0.001449	0.001204	2.838518	7.096294	14.192588	0.91261	11	Atuberculatus_H8
WHOLE_GENOME	653587999	11.326772	12.570368	10	9	0	0.048067	0	0.003895	0.041695	0.039865	0.070701	0.204224	0.762761	0.629434	0.504565	0.369641	0.216066	0.094958	0.042949	0.016335	0.008143	0.004489	0.002753	0.001883	0.001392	0.001104	?	?	?	0.701967	5	Atuberculatus_H9
NON_ZERO_REGIONS	498531443	14.849699	12.443728	14	7	0	0.048067	0	0.003895	0.041695	0.039865	0.070701	0.204224	1	0.825205	0.661498	0.48461	0.283268	0.124493	0.056307	0.021416	0.010675	0.005885	0.003609	0.002468	0.001826	0.001448	2.96994	7.42485	14.849699	0.916774	11	Atuberculatus_H9
WHOLE_GENOME	653587999	11.52989	12.602025	10	9	0	0.049207	0	0.005163	0.064293	0.020559	0.082005	0.221227	0.76672	0.629417	0.508355	0.378699	0.233705	0.108054	0.046188	0.015187	0.007115	0.003816	0.002329	0.001598	0.001216	0.001005	?	?	?	0.70022	5	Atuberculatus_J11
NON_ZERO_REGIONS	501118807	15.037946	12.424835	14	7	0	0.049207	0	0.005163	0.064293	0.020559	0.082005	0.221227	1	0.820922	0.663025	0.493921	0.304811	0.14093	0.060241	0.019808	0.00928	0.004977	0.003038	0.002084	0.001586	0.00131	3.007589	7.518973	15.037946	0.908191	10	Atuberculatus_J11
WHOLE_GENOME	653587999	10.317715	11.964371	9	8	0	0.048944	0	0.004851	0.044839	0.021148	0.07533	0.195113	0.760305	0.615018	0.475457	0.323712	0.163748	0.065562	0.0305	0.011869	0.006161	0.003772	0.002601	0.001979	0.001568	0.001242	?	?	?	0.692945	5	Atuberculatus_J18
NON_ZERO_REGIONS	496926187	13.570496	12.005534	13	6	0	0.048944	0	0.004851	0.044839	0.021148	0.07533	0.195113	1	0.808909	0.625351	0.425766	0.215372	0.086231	0.040115	0.015611	0.008103	0.004961	0.00342	0.002603	0.002063	0.001634	2.714099	6.785248	13.570496	0.907443	10	Atuberculatus_J18
WHOLE_GENOME	653587999	14.920181	15.958122	13	12	0	0.050247	0	0.005026	0.044212	0.029714	0.052977	0.182174	0.779525	0.654589	0.564887	0.466534	0.367516	0.247499	0.13286	0.037707	0.018356	0.010707	0.006883	0.004784	0.003522	0.00273	?	?	?	0.723071	6	Atuberculatus_J1
NON_ZERO_REGIONS	509488374	19.140086	15.681797	18	9	0	0.050247	0	0.005026	0.044212	0.029714	0.052977	0.182174	1	0.839728	0.724655	0.598485	0.471461	0.317499	0.170437	0.048372	0.023548	0.013736	0.00883	0.006137	0.004518	0.003502	3.190014	9.570043	19.140086	0.923702	11	Atuberculatus_J1
WHOLE_GENOME	653587999	9.224842	10.720876	8	7	0	0.047901	0	0.004823	0.047466	0.028315	0.085928	0.214432	0.757701	0.603078	0.445049	0.267602	0.111151	0.041099	0.019874	0.007401	0.003472	0.001976	0.001326	0.001015	0.000858	0.000775	?	?	?	0.685622	5	Atuberculatus_J2
NON_ZERO_REGIONS	495224140	12.174782	10.75998	11	6	0	0.047901	0	0.004823	0.047466	0.028315	0.085928	0.214432	1	0.795932	0.587367	0.353176	0.146696	0.054241	0.02623	0.009768	0.004583	0.002608	0.00175	0.00134	0.001132	0.001023	3.043696	6.087391	12.174782	0.900552	10	Atuberculatus_J2
WHOLE_GENOME	653587999	9.207816	11.850521	7	7	0	0.048208	0	0.004883	0.047429	0.021277	0.089215	0.211013	0.74914	0.592641	0.434948	0.258329	0.107027	0.042141	0.022136	0.009178	0.005045	0.003454	0.002726	0.002308	0.002003	0.001768	?	?	?	0.676082	5	Atuberculatus_J3
NON_ZERO_REGIONS	489628767	12.291185	12.229604	11	6	0	0.048208	0	0.004883	0.047429	0.021277	0.089215	0.211013	1	0.791095	0.580597	0.344834	0.142867	0.056252	0.029548	0.012251	0.006735	0.004611	0.003639	0.003081	0.002674	0.00236	3.072796	6.145593	12.291185	0.898105	10	Atuberculatus_J3
WHOLE_GENOME	653587999	10.54373	13.071102	9	8	0	0.047804	0	0.004647	0.044761	0.023282	0.089901	0.210394	0.754213	0.612977	0.478637	0.330476	0.169629	0.068888	0.033104	0.013631	0.00721	0.004632	0.003409	0.002762	0.002373	0.002096	?	?	?	0.688205	5	Atuberculatus_J4
NON_ZERO_REGIONS	492944850	13.97977	13.360286	13	6	0	0.047804	0	0.004647	0.044761	0.023282	0.089901	0.210394	1	0.812736	0.634617	0.438173	0.224908	0.091337	0.043892	0.018073	0.00956	0.006142	0.004521	0.003662	0.003146	0.002779	2.795954	6.989885	13.97977	0.908598	10	Atuberculatus_J4
WHOLE_GENOME	653587999	10.417891	11.7409	9	8	0	0.049538	0	0.00548	0.051054	0.013747	0.070234	0.190053	0.760528	0.615497	0.480021	0.333523	0.175647	0.070296	0.030713	0.011051	0.005219	0.002879	0.001833	0.001325	0.001053	0.000899	?	?	?	0.692376	5	Atuberculatus_J5
NON_ZERO_REGIONS	497071939	13.698236	11.675575	13	6	0	0.049538	0	0.00548	0.051054	0.013747	0.070234	0.190053	1	0.809303	0.631168	0.438541	0.230955	0.092431	0.040383	0.014531	0.006863	0.003785	0.00241	0.001743	0.001385	0.001182	2.739647	6.849118	13.698236	0.905898	10	Atuberculatus_J5
WHOLE_GENOME	653587999	10.495527	12.127321	9	8	0	0.047923	0	0.004817	0.045252	0.022696	0.079045	0.199733	0.758042	0.615939	0.480782	0.333383	0.173803	0.070757	0.032557	0.012421	0.006382	0.003883	0.002678	0.00204	0.00163	0.001301	?	?	?	0.691831	5	Atuberculatus_J6
NON_ZERO_REGIONS	495446999	13.845578	12.150399	13	6	0	0.047923	0	0.004817	0.045252	0.022696	0.079045	0.199733	1	0.81254	0.634241	0.439795	0.229279	0.093342	0.042949	0.016385	0.008419	0.005122	0.003532	0.002692	0.002151	0.001716	2.769116	6.922789	13.845578	0.90871	10	Atuberculatus_J6
WHOLE_GENOME	653587999	10.01349	11.364607	8	8	0	0.048624	0	0.004888	0.04509	0.021585	0.07742	0.197607	0.757519	0.611496	0.469694	0.314395	0.153295	0.058673	0.026388	0.009629	0.004537	0.002518	0.001633	0.001201	0.000972	0.000843	?	?	?	0.689867	5	Atuberculatus_J8
NON_ZERO_REGIONS	495105279	13.218798	11.319281	13	6	0	0.048624	0	0.004888	0.04509	0.021585	0.07742	0.197607	1	0.807236	0.620043	0.415032	0.202365	0.077454	0.034835	0.012711	0.00599	0.003324	0.002155	0.001585	0.001283	0.001112	2.64376	6.609399	13.218798	0.906681	10	Atuberculatus_J8
WHOLE_GENOME	653587999	10.05015	11.80258	8	8	0	0.049807	0	0.004989	0.045184	0.025015	0.070378	0.195373	0.757131	0.609702	0.466884	0.309655	0.149645	0.059402	0.028725	0.011613	0.006056	0.003693	0.002557	0.001936	0.001495	0.001156	?	?	?	0.688545	5	Atuberculatus_J9
NON_ZERO_REGIONS	494851727	13.273991	11.882422	12	6	0	0.049807	0	0.004989	0.045184	0.025015	0.070378	0.195373	1	0.80528	0.616649	0.408985	0.197648	0.078457	0.03794	0.015339	0.007999	0.004877	0.003377	0.002557	0.001975	0.001527	2.654798	6.636996	13.273991	0.905337	10	Atuberculatus_J9
WHOLE_GENOME	653587999	10.216535	11.431097	9	8	0	0.043883	0	0.00357	0.043368	0.025416	0.092376	0.208613	0.75401	0.616475	0.483204	0.329118	0.159764	0.05972	0.026549	0.009735	0.004631	0.002602	0.001688	0.001219	0.000974	0.00084	?	?	?	0.690047	5	Atuberculatus_K13
NON_ZERO_REGIONS	492812168	13.549594	11.319822	13	6	0	0.043883	0	0.00357	0.043368	0.025416	0.092376	0.208613	1	0.817594	0.640845	0.43649	0.211886	0.079203	0.035211	0.012911	0.006142	0.003452	0.002239	0.001617	0.001292	0.001114	2.709919	6.774797	13.549594	0.911593	11	Atuberculatus_K13
WHOLE_GENOME	653587999	9.966024	11.365731	9	8	0	0.044582	0	0.003424	0.039431	0.0419	0.075673	0.20501	0.752456	0.613485	0.476746	0.313286	0.142526	0.053341	0.025329	0.009675	0.004631	0.002592	0.001685	0.001245	0.001021	0.000893	?	?	?	0.689359	5	Atuberculatus_K15
NON_ZERO_REGIONS	491796508	13.244652	11.324893	13	6	0	0.044582	0	0.003424	0.039431	0.0419	0.075673	0.20501	1	0.815309	0.633586	0.41635	0.189415	0.070889	0.033661	0.012858	0.006155	0.003444	0.002239	0.001655	0.001357	0.001187	2.64893	6.622326	13.244652	0.912756	11	Atuberculatus_K15
WHOLE_GENOME	653587999	11.353311	12.425233	10	9	0	0.044893	0	0.003485	0.039589	0.034068	0.073847	0.195881	0.761548	0.631098	0.512225	0.379585	0.219909	0.092905	0.039544	0.013922	0.006624	0.003697	0.002351	0.00165	0.001259	0.001045	?	?	?	0.702006	5	Atuberculatus_K16
NON_ZERO_REGIONS	497738809	14.908196	12.236425	14	7	0	0.044893	0	0.003485	0.039589	0.034068	0.073847	0.195881	1	0.828704	0.67261	0.498438	0.288766	0.121995	0.051926	0.018282	0.008699	0.004855	0.003087	0.002166	0.001653	0.001373	2.981639	7.454098	14.908196	0.918546	11	Atuberculatus_K16
WHOLE_GENOME	653587999	10.260631	11.553032	9	8	0	0.044263	0	0.003369	0.040469	0.035421	0.074615	0.198137	0.752946	0.618401	0.485349	0.330066	0.159113	0.060081	0.027423	0.010188	0.004832	0.002685	0.001729	0.001282	0.001045	0.000912	?	?	?	0.691517	5	Atuberculatus_K19
NON_ZERO_REGIONS	492116630	13.627309	11.462472	13	6	0	0.044263	0	0.003369	0.040469	0.035421	0.074615	0.198137	1	0.821308	0.6446	0.438366	0.211321	0.079795	0.036421	0.013531	0.006417	0.003566	0.002297	0.001702	0.001388	0.001212	2.725462	6.813655	13.627309	0.915118	11	Atuberculatus_K19
WHOLE_GENOME	653587999	11.793201	12.787357	10	9	0	0.045106	0	0.003735	0.044925	0.027576	0.067248	0.18859	0.754502	0.62762	0.520354	0.400475	0.248936	0.11201	0.047085	0.016091	0.007666	0.004192	0.002591	0.001769	0.001317	0.001061	?	?	?	0.696439	5	Atuberculatus_K20
NON_ZERO_REGIONS	493133762	15.630434	12.519718	15	7	0	0.045106	0	0.003735	0.044925	0.027576	0.067248	0.18859	1	0.831832	0.689665	0.53078	0.329934	0.148455	0.062406	0.021327	0.01016	0.005556	0.003434	0.002344	0.001746	0.001407	2.605072	7.815217	15.630434	0.919321	11	Atuberculatus_K20
WHOLE_GENOME	653587999	10.629209	11.771846	9	8	0	0.045553	0	0.004539	0.04414	0.020077	0.073684	0.187993	0.758079	0.619973	0.494161	0.349559	0.182727	0.071591	0.030961	0.011161	0.005257	0.002884	0.001829	0.001317	0.001048	0.000893	?	?	?	0.693703	5	Atuberculatus_K2
NON_ZERO_REGIONS	495471481	14.021238	11.629224	14	6	0	0.045553	0	0.004539	0.04414	0.020077	0.073684	0.187993	1	0.817821	0.651859	0.461111	0.24104	0.094438	0.040842	0.014723	0.006934	0.003805	0.002412	0.001737	0.001382	0.001178	2.804248	7.010619	14.021238	0.911211	11	Atuberculatus_K2
WHOLE_GENOME	653587999	11.66274	12.624938	10	9	0	0.045908	0	0.004597	0.048136	0.020391	0.081781	0.200813	0.764812	0.631193	0.517017	0.391234	0.239748	0.107633	0.045049	0.014978	0.007094	0.00391	0.00242	0.001659	0.00126	0.001044	?	?	?	0.702855	5	Atuberculatus_K3
NON_ZERO_REGIONS	499872072	15.249156	12.398107	15	7	0	0.045908	0	0.004597	0.048136	0.020391	0.081781	0.200813	1	0.825292	0.676005	0.511543	0.313473	0.140731	0.058902	0.019584	0.009275	0.005112	0.003164	0.002169	0.001647	0.001365	3.049831	7.624578	15.249156	0.91482	11	Atuberculatus_K3
WHOLE_GENOME	653587999	11.327618	12.371643	10	9	0	0.045212	0	0.004505	0.044127	0.018345	0.088972	0.201161	0.761118	0.625654	0.509292	0.379948	0.22328	0.095661	0.039914	0.01362	0.006476	0.003588	0.00227	0.001577	0.001189	0.000978	?	?	?	0.698626	5	Atuberculatus_K4
NON_ZERO_REGIONS	497457334	14.882875	12.173059	14	7	0	0.045212	0	0.004505	0.044127	0.018345	0.088972	0.201161	1	0.82202	0.669138	0.499198	0.293358	0.125686	0.052441	0.017895	0.008509	0.004714	0.002983	0.002072	0.001562	0.001285	2.976575	7.441437	14.882875	0.914032	11	Atuberculatus_K4
WHOLE_GENOME	653587999	9.780443	11.076154	9	8	0	0.043934	0	0.00335	0.037779	0.042524	0.084294	0.21188	0.753682	0.612695	0.471259	0.303333	0.133931	0.049224	0.023249	0.008736	0.004093	0.002268	0.001489	0.001111	0.000916	0.000811	?	?	?	0.689767	5	Atuberculatus_K6
NON_ZERO_REGIONS	492597813	12.976875	11.013446	12	6	0	0.043934	0	0.00335	0.037779	0.042524	0.084294	0.21188	1	0.812935	0.625276	0.402468	0.177702	0.065311	0.030847	0.011592	0.00543	0.003009	0.001975	0.001474	0.001216	0.001076	2.595375	6.488437	12.976875	0.911959	11	Atuberculatus_K6
WHOLE_GENOME	653587999	12.479682	13.364779	11	10	0	0.045049	0	0.003823	0.042693	0.029675	0.066551	0.187791	0.759731	0.633799	0.534026	0.423614	0.283787	0.139235	0.059158	0.019289	0.009246	0.005102	0.003161	0.002153	0.001574	0.001222	?	?	?	0.702672	5	Atuberculatus_K8
NON_ZERO_REGIONS	496551176	16.426445	13.048934	16	7	0	0.045049	0	0.003823	0.042693	0.029675	0.066551	0.187791	1	0.834242	0.702915	0.557584	0.373536	0.183269	0.077866	0.025389	0.01217	0.006716	0.004161	0.002833	0.002072	0.001609	2.737741	8.213222	16.426445	0.921184	11	Atuberculatus_K8
WHOLE_GENOME	653587999	17.14708	20.680084	12	12	0	0.061133	0	0.004732	0.023469	0.032373	0.050602	0.172309	0.721514	0.60547	0.537242	0.469866	0.402162	0.332341	0.241752	0.085757	0.041248	0.026317	0.017787	0.012494	0.009104	0.006819	?	?	?	0.67237	5	Atuberculatus_N1_1
NON_ZERO_REGIONS	471572669	23.765427	20.867354	23	11	0	0.061133	0	0.004732	0.023469	0.032373	0.050602	0.172309	1	0.839166	0.744604	0.651222	0.557387	0.460616	0.335063	0.118857	0.057169	0.036474	0.024652	0.017316	0.012617	0.009451	3.960905	11.882714	23.765427	0.92939	12	Atuberculatus_N1_1
WHOLE_GENOME	653587999	13.554032	16.797862	10	10	0	0.061383	0	0.005155	0.024443	0.029424	0.060238	0.180643	0.712513	0.58738	0.50266	0.416083	0.324589	0.211289	0.112935	0.040179	0.022542	0.013819	0.009061	0.006307	0.004593	0.003485	?	?	?	0.658629	5	Atuberculatus_N1_2
NON_ZERO_REGIONS	465689965	19.022855	17.087587	18	9	0	0.061383	0	0.005155	0.024443	0.029424	0.060238	0.180643	1	0.824377	0.705474	0.583965	0.455555	0.296541	0.158502	0.056391	0.031638	0.019394	0.012716	0.008851	0.006446	0.004891	3.804571	9.511428	19.022855	0.921744	11	Atuberculatus_N1_2
WHOLE_GENOME	653587999	10.984284	14.209756	8	8	0	0.062215	0	0.005902	0.025509	0.025765	0.043675	0.163066	0.701824	0.564425	0.459158	0.35018	0.220913	0.108712	0.054065	0.023633	0.01306	0.007907	0.005159	0.003591	0.002658	0.002063	?	?	?	0.642001	4	Atuberculatus_N1_3
NON_ZERO_REGIONS	458703958	15.651045	14.651403	14	7	0	0.062215	0	0.005902	0.025509	0.025765	0.043675	0.163066	1	0.804226	0.654235	0.498957	0.31477	0.154899	0.077035	0.033674	0.018609	0.011266	0.00735	0.005116	0.003787	0.00294	3.130209	7.825523	15.651045	0.911941	11	Atuberculatus_N1_3
WHOLE_GENOME	653587999	8.687454	11.942045	6	6	0	0.062451	0	0.006459	0.0259	0.02554	0.042957	0.163307	0.68455	0.533165	0.39989	0.249028	0.112376	0.049198	0.02812	0.012988	0.006998	0.004227	0.002812	0.002041	0.001585	0.001295	?	?	?	0.617865	4	Atuberculatus_N1_5
NON_ZERO_REGIONS	447413486	12.690757	12.55091	12	6	0	0.062451	0	0.006459	0.0259	0.02554	0.042957	0.163307	1	0.778854	0.584164	0.363783	0.16416	0.071869	0.041078	0.018974	0.010223	0.006175	0.004107	0.002982	0.002315	0.001892	3.172689	6.345378	12.690757	0.89964	10	Atuberculatus_N1_5
WHOLE_GENOME	653587999	9.234382	12.445067	6	6	0	0.061925	0	0.00635	0.027957	0.024695	0.048641	0.169568	0.693739	0.544537	0.416904	0.276445	0.135316	0.058855	0.032375	0.015039	0.008179	0.004957	0.003273	0.002336	0.001788	0.001455	?	?	?	0.627578	4	Atuberculatus_N1_6
NON_ZERO_REGIONS	453419537	13.311031	12.999581	12	6	0	0.061925	0	0.00635	0.027957	0.024695	0.048641	0.169568	1	0.784931	0.600953	0.398485	0.195053	0.084837	0.046668	0.021677	0.011789	0.007145	0.004718	0.003367	0.002577	0.002097	3.327758	6.655515	13.311031	0.901554	10	Atuberculatus_N1_6
WHOLE_GENOME	653587999	7.247163	10.549768	5	5	0	0.060158	0	0.005671	0.027479	0.027094	0.085938	0.206339	0.677927	0.509084	0.33931	0.161278	0.060006	0.028759	0.017414	0.00788	0.004231	0.002634	0.001846	0.001429	0.001181	0.001017	?	?	?	0.60277	4	Atuberculatus_N3_1
NON_ZERO_REGIONS	443084825	10.690186	11.285696	10	5	0	0.060158	0	0.005671	0.027479	0.027094	0.085938	0.206339	1	0.750942	0.500512	0.237899	0.088515	0.042422	0.025687	0.011624	0.006241	0.003886	0.002723	0.002108	0.001741	0.001499	3.563395	5.345093	10.690186	0.886059	9	Atuberculatus_N3_1
WHOLE_GENOME	653587999	12.984223	16.243493	9	9	0	0.060562	0	0.005269	0.026379	0.026149	0.056917	0.175276	0.709063	0.582746	0.494231	0.403857	0.305525	0.187603	0.096308	0.035945	0.020296	0.012461	0.008199	0.005682	0.004134	0.003138	?	?	?	0.654683	5	Atuberculatus_N3_2
NON_ZERO_REGIONS	463434909	18.311811	16.56969	17	9	0	0.060562	0	0.005269	0.026379	0.026149	0.056917	0.175276	1	0.821854	0.69702	0.569564	0.430886	0.264579	0.135825	0.050694	0.028623	0.017574	0.011563	0.008014	0.00583	0.004426	3.662362	9.155906	18.311811	0.920565	11	Atuberculatus_N3_2
WHOLE_GENOME	653587999	10.007571	13.220141	7	7	0	0.061687	0	0.005929	0.0268	0.024364	0.051989	0.17077	0.696156	0.554551	0.437969	0.311942	0.171654	0.077768	0.041116	0.018869	0.010348	0.006222	0.004035	0.002827	0.00212	0.00169	?	?	?	0.633652	4	Atuberculatus_N3_3
NON_ZERO_REGIONS	454999086	14.375475	13.720878	13	7	0	0.061687	0	0.005929	0.0268	0.024364	0.051989	0.17077	1	0.796591	0.629126	0.448092	0.246574	0.11171	0.059061	0.027104	0.014865	0.008938	0.005796	0.004061	0.003045	0.002427	3.593869	7.187738	14.375475	0.90734	10	Atuberculatus_N3_3
WHOLE_GENOME	653587999	11.637973	14.908902	8	8	0	0.062381	0	0.005836	0.026841	0.024026	0.051557	0.170642	0.703462	0.571356	0.471856	0.369588	0.250338	0.132153	0.065399	0.027514	0.015386	0.009381	0.006147	0.004265	0.003129	0.002406	?	?	?	0.645729	5	Atuberculatus_N4_2
NON_ZERO_REGIONS	459774526	16.543848	15.323555	15	8	0	0.062381	0	0.005836	0.026841	0.024026	0.051557	0.170642	1	0.812206	0.670762	0.525384	0.355866	0.187861	0.092968	0.039112	0.021872	0.013335	0.008738	0.006063	0.004448	0.00342	3.30877	8.271924	16.543848	0.91509	11	Atuberculatus_N4_2
WHOLE_GENOME	653587999	12.649616	16.000993	9	9	0	0.061361	0	0.005583	0.026836	0.023407	0.050275	0.167461	0.704117	0.576834	0.487282	0.396527	0.293598	0.173718	0.088065	0.034357	0.019437	0.011969	0.007898	0.005485	0.003984	0.003037	?	?	?	0.648648	5	Atuberculatus_N4_3
NON_ZERO_REGIONS	460202418	17.965218	16.374526	17	8	0	0.061361	0	0.005583	0.026836	0.023407	0.050275	0.167461	1	0.819231	0.692047	0.563155	0.416973	0.246717	0.125071	0.048794	0.027605	0.016998	0.011217	0.00779	0.005658	0.004313	3.593044	8.982609	17.965218	0.91839	11	Atuberculatus_N4_3
