ChromosomeID Window-start Window-end Relative-Frequency
1 1 1e+06 0
1 50001 1050000 0
1 100001 1100000 0
1 150001 1150000 0.847
1 200001 1200000 1.186
1 250001 1250000 1.186
1 300001 1300000 1.186
1 350001 1350000 1.186
1 400001 1400000 1.186
1 450001 1450000 1.356
1 500001 1500000 2.203
1 550001 1550000 2.203
1 600001 1600000 2.203
1 650001 1650000 2.203
1 700001 1700000 2.203
1 750001 1750000 2.203
1 800001 1800000 2.203
1 850001 1850000 2.373
1 900001 1900000 3.729
1 950001 1950000 3.729
1 1000001 2e+06 3.898
1 1050001 2050000 3.898
1 1100001 2100000 3.898
1 1150001 2150000 3.051
1 1200001 2200000 2.712
1 1250001 2250000 2.881
1 1300001 2300000 2.881
1 1350001 2350000 2.881
1 1400001 2400000 3.051
1 1450001 2450000 3.051
1 1500001 2500000 2.203
1 1550001 2550000 2.542
1 1600001 2600000 2.542
1 1650001 2650000 2.712
1 1700001 2700000 2.712
1 1750001 2750000 2.712
1 1800001 2800000 2.712
1 1850001 2850000 2.542
1 1900001 2900000 1.186
1 1950001 2950000 1.186
1 2000001 3e+06 1.017
1 2050001 3050000 1.017
1 2100001 3100000 1.017
1 2150001 3150000 1.186
1 2200001 3200000 1.186
1 2250001 3250000 1.017
1 2300001 3300000 1.017
1 2350001 3350000 1.017
1 2400001 3400000 0.847
1 2450001 3450000 0.678
1 2500001 3500000 0.678
1 2550001 3550000 0.339
1 2600001 3600000 0.339
1 2650001 3650000 0.169
1 2700001 3700000 0.508
1 2750001 3750000 0.508
1 2800001 3800000 0.508
1 2850001 3850000 0.508
1 2900001 3900000 0.508
1 2950001 3950000 0.678
1 3000001 4e+06 0.678
1 3050001 4050000 0.678
1 3100001 4100000 0.678
1 3150001 4150000 0.508
1 3200001 4200000 0.508
1 3250001 4250000 0.508
1 3300001 4300000 0.508
1 3350001 4350000 0.508
1 3400001 4400000 2.881
1 3450001 4450000 2.881
1 3500001 4500000 3.051
1 3550001 4550000 3.22
1 3600001 4600000 3.22
1 3650001 4650000 3.22
1 3700001 4700000 2.881
1 3750001 4750000 2.881
1 3800001 4800000 3.051
1 3850001 4850000 3.051
1 3900001 4900000 3.22
1 3950001 4950000 3.051
1 4000001 5e+06 3.22
1 4050001 5050000 3.22
1 4100001 5100000 3.22
1 4150001 5150000 3.22
1 4200001 5200000 3.39
1 4250001 5250000 3.39
1 4300001 5300000 3.39
1 4350001 5350000 3.39
1 4400001 5400000 1.017
1 4450001 5450000 1.186
1 4500001 5500000 1.186
1 4550001 5550000 1.186
1 4600001 5600000 1.186
1 4650001 5650000 1.186
1 4700001 5700000 1.186
1 4750001 5750000 1.186
1 4800001 5800000 1.017
1 4850001 5850000 1.017
1 4900001 5900000 1.017
1 4950001 5950000 1.017
1 5000001 6e+06 0.847
1 5050001 6050000 1.017
1 5100001 6100000 1.017
1 5150001 6150000 1.017
1 5200001 6200000 0.847
1 5250001 6250000 0.847
1 5300001 6300000 0.847
1 5350001 6350000 0.847
1 5400001 6400000 0.847
1 5450001 6450000 0.678
1 5500001 6500000 0.508
1 5550001 6550000 0.508
1 5600001 6600000 0.508
1 5650001 6650000 0.678
1 5700001 6700000 0.847
1 5750001 6750000 1.864
1 5800001 6800000 1.864
1 5850001 6850000 2.034
1 5900001 6900000 1.864
1 5950001 6950000 1.864
1 6000001 7e+06 1.864
1 6050001 7050000 1.695
1 6100001 7100000 3.22
1 6150001 7150000 3.22
1 6200001 7200000 3.22
1 6250001 7250000 3.22
1 6300001 7300000 3.39
1 6350001 7350000 3.39
1 6400001 7400000 3.39
1 6450001 7450000 3.39
1 6500001 7500000 3.39
1 6550001 7550000 3.22
1 6600001 7600000 3.22
1 6650001 7650000 3.051
1 6700001 7700000 2.881
1 6750001 7750000 1.864
1 6800001 7800000 1.864
1 6850001 7850000 1.695
1 6900001 7900000 1.695
1 6950001 7950000 1.695
1 7000001 8e+06 1.695
1 7050001 8050000 1.695
1 7100001 8100000 0.169
1 7150001 8150000 0.169
1 7200001 8200000 1.525
1 7250001 8250000 1.525
1 7300001 8300000 3.898
1 7350001 8350000 4.068
1 7400001 8400000 4.068
1 7450001 8450000 4.068
1 7500001 8500000 4.068
1 7550001 8550000 4.068
1 7600001 8600000 4.407
1 7650001 8650000 4.407
1 7700001 8700000 4.407
1 7750001 8750000 4.407
1 7800001 8800000 4.407
1 7850001 8850000 4.407
1 7900001 8900000 4.407
1 7950001 8950000 4.407
1 8000001 9e+06 4.915
1 8050001 9050000 4.915
1 8100001 9100000 5.085
1 8150001 9150000 5.085
1 8200001 9200000 3.898
1 8250001 9250000 3.898
1 8300001 9300000 1.356
1 8350001 9350000 1.186
1 8400001 9400000 1.186
1 8450001 9450000 1.186
1 8500001 9500000 1.186
1 8550001 9550000 1.186
1 8600001 9600000 0.847
1 8650001 9650000 0.847
1 8700001 9700000 0.847
1 8750001 9750000 1.186
1 8800001 9800000 1.356
1 8850001 9850000 2.881
1 8900001 9900000 4.237
1 8950001 9950000 4.237
1 9000001 1e+07 4.915
1 9050001 10050000 4.915
1 9100001 10100000 5.424
1 9150001 10150000 5.424
1 9200001 10200000 5.254
1 9250001 10250000 5.254
1 9300001 10300000 5.254
1 9350001 10350000 5.254
1 9400001 10400000 5.763
1 9450001 10450000 5.763
1 9500001 10500000 5.763
1 9550001 10550000 5.763
1 9600001 10600000 5.932
1 9650001 10650000 5.932
1 9700001 10700000 5.932
1 9750001 10750000 5.593
1 9800001 10800000 5.424
1 9850001 10850000 4.237
1 9900001 10900000 3.729
1 9950001 10950000 3.729
1 10000001 1.1e+07 2.542
1 10050001 11050000 2.542
1 10100001 11100000 2.203
1 10150001 11150000 3.39
1 10200001 11200000 3.39
1 10250001 11250000 3.39
1 10300001 11300000 3.39
1 10350001 11350000 3.39
1 10400001 11400000 3.22
1 10450001 11450000 3.39
1 10500001 11500000 3.559
1 10550001 11550000 3.559
1 10600001 11600000 3.559
1 10650001 11650000 3.559
1 10700001 11700000 3.559
1 10750001 11750000 3.729
1 10800001 11800000 4.068
1 10850001 11850000 4.237
1 10900001 11900000 3.39
1 10950001 11950000 3.559
1 11000001 1.2e+07 3.559
1 11050001 12050000 3.559
1 11100001 12100000 3.22
1 11150001 12150000 2.034
1 11200001 12200000 2.034
1 11250001 12250000 2.034
1 11300001 12300000 2.203
1 11350001 12350000 2.373
1 11400001 12400000 2.034
1 11450001 12450000 2.034
1 11500001 12500000 1.864
1 11550001 12550000 2.034
1 11600001 12600000 3.051
1 11650001 12650000 3.051
1 11700001 12700000 3.051
1 11750001 12750000 2.881
1 11800001 12800000 2.542
1 11850001 12850000 2.034
1 11900001 12900000 2.034
1 11950001 12950000 2.034
1 12000001 1.3e+07 2.034
1 12050001 13050000 3.898
1 12100001 13100000 5.085
1 12150001 13150000 5.085
1 12200001 13200000 5.085
1 12250001 13250000 5.085
1 12300001 13300000 4.915
1 12350001 13350000 4.746
1 12400001 13400000 4.915
1 12450001 13450000 4.746
1 12500001 13500000 4.746
1 12550001 13550000 4.576
1 12600001 13600000 3.39
1 12650001 13650000 3.39
1 12700001 13700000 3.39
1 12750001 13750000 3.39
1 12800001 13800000 3.39
1 12850001 13850000 3.39
1 12900001 13900000 4.237
1 12950001 13950000 4.068
1 13000001 1.4e+07 4.068
1 13050001 14050000 2.203
1 13100001 14100000 1.017
1 13150001 14150000 1.017
1 13200001 14200000 1.017
1 13250001 14250000 1.017
1 13300001 14300000 1.017
1 13350001 14350000 1.017
1 13400001 14400000 0.847
1 13450001 14450000 0.847
1 13500001 14500000 0.847
1 13550001 14550000 0.847
1 13600001 14600000 0.847
1 13650001 14650000 0.847
1 13700001 14700000 0.847
1 13750001 14750000 0.847
1 13800001 14800000 0.847
1 13850001 14850000 0.847
1 13900001 14900000 0
1 13950001 14950000 0
1 14000001 1.5e+07 0
1 14050001 15050000 0
1 14100001 15100000 0
1 14150001 15150000 0
1 14200001 15200000 0
1 14250001 15250000 0
1 14300001 15300000 0
1 14350001 15350000 0
1 14400001 15400000 0
1 14450001 15450000 0
1 14500001 15500000 0
1 14550001 15550000 0
1 14600001 15600000 0
1 14650001 15650000 0
1 14700001 15700000 0
1 14750001 15750000 0
1 14800001 15800000 0
1 14850001 15850000 0
1 14900001 15900000 0
1 14950001 15950000 0.169
1 15000001 1.6e+07 0.339
1 15050001 16050000 0.339
1 15100001 16100000 0.339
1 15150001 16150000 3.898
1 15200001 16200000 3.898
1 15250001 16250000 3.898
1 15300001 16300000 3.898
1 15350001 16350000 3.898
1 15400001 16400000 3.898
1 15450001 16450000 4.407
1 15500001 16500000 5.593
1 15550001 16550000 5.593
1 15600001 16600000 5.593
1 15650001 16650000 5.763
1 15700001 16700000 5.763
1 15750001 16750000 6.271
1 15800001 16800000 6.61
1 15850001 16850000 6.61
1 15900001 16900000 8.814
1 15950001 16950000 8.814
1 16000001 1.7e+07 8.644
1 16050001 17050000 8.644
1 16100001 17100000 8.644
1 16150001 17150000 5.085
1 16200001 17200000 5.254
1 16250001 17250000 6.271
1 16300001 17300000 8.644
1 16350001 17350000 8.814
1 16400001 17400000 8.814
1 16450001 17450000 8.305
1 16500001 17500000 7.119
1 16550001 17550000 7.119
1 16600001 17600000 8.644
1 16650001 17650000 8.475
1 16700001 17700000 8.475
1 16750001 17750000 7.966
1 16800001 17800000 7.627
1 16850001 17850000 7.627
1 16900001 17900000 5.424
1 16950001 17950000 5.254
1 17000001 1.8e+07 5.424
1 17050001 18050000 5.593
1 17100001 18100000 5.763
1 17150001 18150000 5.932
1 17200001 18200000 5.763
1 17250001 18250000 4.915
1 17300001 18300000 2.712
1 17350001 18350000 2.542
1 17400001 18400000 3.22
1 17450001 18450000 3.22
1 17500001 18500000 3.22
1 17550001 18550000 3.22
1 17600001 18600000 1.695
1 17650001 18650000 1.695
1 17700001 18700000 2.034
1 17750001 18750000 2.203
1 17800001 18800000 2.712
1 17850001 18850000 2.881
1 17900001 18900000 2.881
1 17950001 18950000 3.051
1 18000001 1.9e+07 2.881
1 18050001 19050000 2.712
1 18100001 19100000 2.542
1 18150001 19150000 2.373
1 18200001 19200000 2.373
1 18250001 19250000 2.203
1 18300001 19300000 2.034
1 18350001 19350000 2.034
1 18400001 19400000 1.356
1 18450001 19450000 1.356
1 18500001 19500000 1.356
1 18550001 19550000 1.525
1 18600001 19600000 1.695
1 18650001 19650000 1.695
1 18700001 19700000 1.525
1 18750001 19750000 1.356
1 18800001 19800000 0.847
1 18850001 19850000 0.678
1 18900001 19900000 0.678
1 18950001 19950000 0.678
1 19000001 2e+07 0.678
1 19050001 20050000 0.678
1 19100001 20100000 0.678
1 19150001 20150000 0.847
1 19200001 20200000 0.847
1 19250001 20250000 0.847
1 19300001 20300000 0.847
1 19350001 20350000 0.847
1 19400001 20400000 0.847
1 19450001 20450000 1.017
1 19500001 20500000 1.186
1 19550001 20550000 1.356
1 19600001 20600000 1.186
1 19650001 20650000 1.186
1 19700001 20700000 1.356
1 19750001 20750000 1.356
1 19800001 20800000 1.356
1 19850001 20850000 1.356
1 19900001 20900000 1.525
1 19950001 20950000 2.034
1 20000001 2.1e+07 3.559
1 20050001 21050000 3.729
1 20100001 21100000 3.729
1 20150001 21150000 3.729
1 20200001 21200000 3.729
1 20250001 21250000 3.729
1 20300001 21300000 3.898
1 20350001 21350000 4.068
1 20400001 21400000 4.068
1 20450001 21450000 3.898
1 20500001 21500000 3.729
1 20550001 21550000 3.39
1 20600001 21600000 3.39
1 20650001 21650000 4.915
1 20700001 21700000 4.576
1 20750001 21750000 4.576
1 20800001 21800000 4.576
1 20850001 21850000 4.576
1 20900001 21900000 4.407
1 20950001 21950000 3.729
1 21000001 2.2e+07 2.203
1 21050001 22050000 2.034
1 21100001 22100000 2.881
1 21150001 22150000 3.22
1 21200001 22200000 3.22
1 21250001 22250000 3.22
1 21300001 22300000 3.051
1 21350001 22350000 3.051
1 21400001 22400000 3.051
1 21450001 22450000 3.051
1 21500001 22500000 3.051
1 21550001 22550000 3.22
1 21600001 22600000 3.39
1 21650001 22650000 1.864
1 21700001 22700000 1.864
1 21750001 22750000 2.034
1 21800001 22800000 2.203
1 21850001 22850000 2.203
1 21900001 22900000 2.203
1 21950001 22950000 2.203
1 22000001 2.3e+07 2.881
1 22050001 23050000 3.051
1 22100001 23100000 2.203
1 22150001 23150000 1.695
1 22200001 23200000 1.695
1 22250001 23250000 1.695
1 22300001 23300000 1.864
1 22350001 23350000 1.864
1 22400001 23400000 1.864
1 22450001 23450000 1.864
1 22500001 23500000 2.034
1 22550001 23550000 2.203
1 22600001 23600000 2.034
1 22650001 23650000 2.034
1 22700001 23700000 3.559
1 22750001 23750000 3.729
1 22800001 23800000 5.593
1 22850001 23850000 5.932
1 22900001 23900000 5.932
1 22950001 23950000 5.932
1 23000001 2.4e+07 5.424
1 23050001 24050000 5.254
1 23100001 24100000 5.254
1 23150001 24150000 5.424
1 23200001 24200000 5.593
1 23250001 24250000 5.763
1 23300001 24300000 5.763
1 23350001 24350000 5.593
1 23400001 24400000 5.593
1 23450001 24450000 6.102
1 23500001 24500000 5.932
1 23550001 24550000 5.593
1 23600001 24600000 6.102
1 23650001 24650000 6.271
1 23700001 24700000 4.915
1 23750001 24750000 4.746
1 23800001 24800000 4.237
1 23850001 24850000 4.068
1 23900001 24900000 4.576
1 23950001 24950000 4.746
1 24000001 2.5e+07 4.576
1 24050001 25050000 4.915
1 24100001 25100000 5.085
1 24150001 25150000 4.915
1 24200001 25200000 4.915
1 24250001 25250000 4.746
1 24300001 25300000 4.915
1 24350001 25350000 5.424
1 24400001 25400000 5.932
1 24450001 25450000 5.593
1 24500001 25500000 5.593
1 24550001 25550000 5.593
1 24600001 25600000 5.593
1 24650001 25650000 5.763
1 24700001 25700000 5.932
1 24750001 25750000 5.763
1 24800001 25800000 4.407
1 24850001 25850000 4.576
1 24900001 25900000 4.068
1 24950001 25950000 4.407
1 25000001 2.6e+07 5.763
1 25050001 26050000 5.424
1 25100001 26100000 5.254
1 25150001 26150000 5.424
1 25200001 26200000 5.254
1 25250001 26250000 5.593
1 25300001 26300000 5.593
1 25350001 26350000 5.593
1 25400001 26400000 6.102
1 25450001 26450000 6.61
1 25500001 26500000 6.949
1 25550001 26550000 7.797
1 25600001 26600000 7.458
1 25650001 26650000 7.119
1 25700001 26700000 6.949
1 25750001 26750000 6.949
1 25800001 26800000 6.949
1 25850001 26850000 7.458
1 25900001 26900000 7.458
1 25950001 26950000 6.949
1 26000001 2.7e+07 6.102
1 26050001 27050000 6.102
1 26100001 27100000 7.119
1 26150001 27150000 7.288
1 26200001 27200000 7.458
1 26250001 27250000 7.119
1 26300001 27300000 6.78
1 26350001 27350000 6.78
1 26400001 27400000 5.763
1 26450001 27450000 5.254
1 26500001 27500000 4.915
1 26550001 27550000 5.593
1 26600001 27600000 5.424
1 26650001 27650000 5.593
1 26700001 27700000 5.424
1 26750001 27750000 5.424
1 26800001 27800000 5.254
1 26850001 27850000 4.576
1 26900001 27900000 5.763
1 26950001 27950000 5.763
1 27000001 2.8e+07 5.254
1 27050001 28050000 5.254
1 27100001 28100000 4.407
1 27150001 28150000 4.237
1 27200001 28200000 4.576
1 27250001 28250000 4.746
1 27300001 28300000 4.746
1 27350001 28350000 5.424
1 27400001 28400000 5.424
1 27450001 28450000 5.424
1 27500001 28500000 5.424
1 27550001 28550000 4.407
1 27600001 28600000 4.576
1 27650001 28650000 4.407
1 27700001 28700000 4.407
1 27750001 28750000 4.407
1 27800001 28800000 4.407
1 27850001 28850000 4.746
1 27900001 28900000 3.559
1 27950001 28950000 3.559
1 28000001 2.9e+07 3.729
1 28050001 29050000 3.898
1 28100001 29100000 3.729
1 28150001 29150000 3.559
1 28200001 29200000 3.051
1 28250001 29250000 3.39
1 28300001 29300000 3.39
1 28350001 29350000 2.373
1 28400001 29400000 3.559
1 28450001 29450000 3.559
1 28500001 29500000 3.559
1 28550001 29550000 3.22
1 28600001 29600000 3.22
1 28650001 29650000 3.729
1 28700001 29700000 4.068
1 28750001 29750000 4.576
1 28800001 29800000 4.576
1 28850001 29850000 6.271
1 28900001 29900000 6.441
1 28950001 29950000 6.441
1 29000001 3e+07 6.271
1 29050001 30050000 6.441
1 29100001 30100000 6.61
1 29150001 30150000 6.61
1 29200001 30200000 6.61
1 29250001 30250000 6.102
1 29300001 30300000 6.102
1 29350001 30350000 5.932
1 29400001 30400000 4.746
1 29450001 30427671 5.085
2 1 1e+06 21.739
2 50001 1050000 23.018
2 100001 1100000 23.018
2 150001 1150000 21.995
2 200001 1200000 20.716
2 250001 1250000 19.182
2 300001 1300000 8.696
2 350001 1350000 8.44
2 400001 1400000 7.417
2 450001 1450000 6.65
2 500001 1500000 6.65
2 550001 1550000 6.65
2 600001 1600000 7.673
2 650001 1650000 7.673
2 700001 1700000 8.184
2 750001 1750000 8.184
2 800001 1800000 7.928
2 850001 1850000 5.115
2 900001 1900000 5.371
2 950001 1950000 5.882
2 1000001 2e+06 5.882
2 1050001 2050000 4.604
2 1100001 2100000 4.348
2 1150001 2150000 4.092
2 1200001 2200000 3.836
2 1250001 2250000 3.836
2 1300001 2300000 3.836
2 1350001 2350000 5.627
2 1400001 2400000 5.627
2 1450001 2450000 5.627
2 1500001 2500000 5.371
2 1550001 2550000 5.371
2 1600001 2600000 4.348
2 1650001 2650000 4.348
2 1700001 2700000 2.558
2 1750001 2750000 2.558
2 1800001 2800000 2.558
2 1850001 2850000 2.558
2 1900001 2900000 2.302
2 1950001 2950000 1.79
2 2000001 3e+06 2.046
2 2050001 3050000 2.046
2 2100001 3100000 2.046
2 2150001 3150000 2.046
2 2200001 3200000 2.046
2 2250001 3250000 2.046
2 2300001 3300000 2.046
2 2350001 3350000 0.256
2 2400001 3400000 0.256
2 2450001 3450000 0.256
2 2500001 3500000 0.256
2 2550001 3550000 0.256
2 2600001 3600000 0.256
2 2650001 3650000 0.256
2 2700001 3700000 0.256
2 2750001 3750000 0.256
2 2800001 3800000 0.256
2 2850001 3850000 0.256
2 2900001 3900000 0.256
2 2950001 3950000 0.256
2 3000001 4e+06 0
2 3050001 4050000 0
2 3100001 4100000 0
2 3150001 4150000 0
2 3200001 4200000 0
2 3250001 4250000 0
2 3300001 4300000 0
2 3350001 4350000 0
2 3400001 4400000 0
2 3450001 4450000 0
2 3500001 4500000 0
2 3550001 4550000 0
2 3600001 4600000 0
2 3650001 4650000 0
2 3700001 4700000 0
2 3750001 4750000 0
2 3800001 4800000 0
2 3850001 4850000 0
2 3900001 4900000 0
2 3950001 4950000 0
2 4000001 5e+06 0
2 4050001 5050000 0
2 4100001 5100000 0
2 4150001 5150000 0
2 4200001 5200000 0
2 4250001 5250000 0
2 4300001 5300000 0
2 4350001 5350000 0
2 4400001 5400000 0
2 4450001 5450000 0.256
2 4500001 5500000 0.512
2 4550001 5550000 0.512
2 4600001 5600000 1.023
2 4650001 5650000 1.279
2 4700001 5700000 1.279
2 4750001 5750000 1.279
2 4800001 5800000 1.535
2 4850001 5850000 1.535
2 4900001 5900000 1.535
2 4950001 5950000 1.535
2 5000001 6e+06 1.535
2 5050001 6050000 1.79
2 5100001 6100000 1.79
2 5150001 6150000 3.069
2 5200001 6200000 3.069
2 5250001 6250000 3.836
2 5300001 6300000 3.836
2 5350001 6350000 3.836
2 5400001 6400000 3.836
2 5450001 6450000 3.581
2 5500001 6500000 3.581
2 5550001 6550000 3.581
2 5600001 6600000 3.069
2 5650001 6650000 3.325
2 5700001 6700000 4.604
2 5750001 6750000 4.604
2 5800001 6800000 4.348
2 5850001 6850000 5.627
2 5900001 6900000 7.673
2 5950001 6950000 8.44
2 6000001 7e+06 8.44
2 6050001 7050000 9.463
2 6100001 7100000 9.719
2 6150001 7150000 8.44
2 6200001 7200000 8.44
2 6250001 7250000 9.974
2 6300001 7300000 9.974
2 6350001 7350000 10.23
2 6400001 7400000 10.23
2 6450001 7450000 10.23
2 6500001 7500000 9.974
2 6550001 7550000 9.974
2 6600001 7600000 11.253
2 6650001 7650000 10.742
2 6700001 7700000 9.463
2 6750001 7750000 11.253
2 6800001 7800000 11.253
2 6850001 7850000 10.23
2 6900001 7900000 8.44
2 6950001 7950000 7.673
2 7000001 8e+06 7.928
2 7050001 8050000 6.65
2 7100001 8100000 6.394
2 7150001 8150000 6.394
2 7200001 8200000 6.394
2 7250001 8250000 4.859
2 7300001 8300000 4.859
2 7350001 8350000 4.604
2 7400001 8400000 5.115
2 7450001 8450000 5.115
2 7500001 8500000 5.371
2 7550001 8550000 5.882
2 7600001 8600000 4.859
2 7650001 8650000 5.115
2 7700001 8700000 5.115
2 7750001 8750000 3.325
2 7800001 8800000 3.836
2 7850001 8850000 4.348
2 7900001 8900000 4.092
2 7950001 8950000 4.092
2 8000001 9e+06 3.836
2 8050001 9050000 3.836
2 8100001 9100000 3.836
2 8150001 9150000 3.836
2 8200001 9200000 5.371
2 8250001 9250000 4.604
2 8300001 9300000 4.604
2 8350001 9350000 4.604
2 8400001 9400000 4.092
2 8450001 9450000 4.092
2 8500001 9500000 5.115
2 8550001 9550000 4.604
2 8600001 9600000 4.348
2 8650001 9650000 6.138
2 8700001 9700000 6.394
2 8750001 9750000 6.65
2 8800001 9800000 6.394
2 8850001 9850000 5.627
2 8900001 9900000 5.627
2 8950001 9950000 5.627
2 9000001 1e+07 5.627
2 9050001 10050000 5.627
2 9100001 10100000 5.882
2 9150001 10150000 7.161
2 9200001 10200000 5.627
2 9250001 10250000 6.905
2 9300001 10300000 7.417
2 9350001 10350000 7.673
2 9400001 10400000 8.951
2 9450001 10450000 8.951
2 9500001 10500000 7.673
2 9550001 10550000 7.928
2 9600001 10600000 7.928
2 9650001 10650000 6.138
2 9700001 10700000 6.394
2 9750001 10750000 6.394
2 9800001 10800000 6.138
2 9850001 10850000 6.138
2 9900001 10900000 6.905
2 9950001 10950000 6.905
2 10000001 1.1e+07 6.905
2 10050001 11050000 6.905
2 10100001 11100000 6.65
2 10150001 11150000 5.627
2 10200001 11200000 5.627
2 10250001 11250000 4.348
2 10300001 11300000 3.836
2 10350001 11350000 3.581
2 10400001 11400000 2.302
2 10450001 11450000 2.558
2 10500001 11500000 2.558
2 10550001 11550000 2.302
2 10600001 11600000 2.302
2 10650001 11650000 2.302
2 10700001 11700000 2.046
2 10750001 11750000 1.79
2 10800001 11800000 1.79
2 10850001 11850000 1.79
2 10900001 11900000 1.023
2 10950001 11950000 1.023
2 11000001 1.2e+07 1.023
2 11050001 12050000 1.023
2 11100001 12100000 1.023
2 11150001 12150000 0.767
2 11200001 12200000 1.023
2 11250001 12250000 1.79
2 11300001 12300000 3.325
2 11350001 12350000 3.325
2 11400001 12400000 5.371
2 11450001 12450000 5.115
2 11500001 12500000 5.627
2 11550001 12550000 5.627
2 11600001 12600000 5.627
2 11650001 12650000 5.371
2 11700001 12700000 5.115
2 11750001 12750000 5.371
2 11800001 12800000 8.696
2 11850001 12850000 8.696
2 11900001 12900000 9.207
2 11950001 12950000 9.463
2 12000001 1.3e+07 10.997
2 12050001 13050000 10.997
2 12100001 13100000 10.997
2 12150001 13150000 11.509
2 12200001 13200000 11.253
2 12250001 13250000 10.486
2 12300001 13300000 9.207
2 12350001 13350000 9.207
2 12400001 13400000 7.417
2 12450001 13450000 7.673
2 12500001 13500000 7.673
2 12550001 13550000 7.673
2 12600001 13600000 7.673
2 12650001 13650000 8.951
2 12700001 13700000 8.951
2 12750001 13750000 8.696
2 12800001 13800000 5.627
2 12850001 13850000 5.627
2 12900001 13900000 5.115
2 12950001 13950000 5.115
2 13000001 1.4e+07 3.836
2 13050001 14050000 3.836
2 13100001 14100000 3.836
2 13150001 14150000 3.325
2 13200001 14200000 3.325
2 13250001 14250000 3.325
2 13300001 14300000 3.325
2 13350001 14350000 3.325
2 13400001 14400000 3.069
2 13450001 14450000 2.813
2 13500001 14500000 2.302
2 13550001 14550000 2.302
2 13600001 14600000 2.302
2 13650001 14650000 1.023
2 13700001 14700000 1.023
2 13750001 14750000 1.023
2 13800001 14800000 0.767
2 13850001 14850000 0.767
2 13900001 14900000 0.767
2 13950001 14950000 0.512
2 14000001 1.5e+07 2.046
2 14050001 15050000 2.046
2 14100001 15100000 2.046
2 14150001 15150000 2.046
2 14200001 15200000 2.302
2 14250001 15250000 2.302
2 14300001 15300000 2.046
2 14350001 15350000 2.046
2 14400001 15400000 2.046
2 14450001 15450000 2.046
2 14500001 15500000 4.092
2 14550001 15550000 5.115
2 14600001 15600000 6.138
2 14650001 15650000 6.138
2 14700001 15700000 6.394
2 14750001 15750000 6.394
2 14800001 15800000 7.673
2 14850001 15850000 7.673
2 14900001 15900000 7.673
2 14950001 15950000 7.928
2 15000001 1.6e+07 6.138
2 15050001 16050000 6.138
2 15100001 16100000 6.138
2 15150001 16150000 6.905
2 15200001 16200000 7.417
2 15250001 16250000 7.673
2 15300001 16300000 7.928
2 15350001 16350000 8.184
2 15400001 16400000 8.184
2 15450001 16450000 8.44
2 15500001 16500000 6.65
2 15550001 16550000 5.882
2 15600001 16600000 6.394
2 15650001 16650000 7.417
2 15700001 16700000 7.161
2 15750001 16750000 7.161
2 15800001 16800000 5.882
2 15850001 16850000 6.65
2 15900001 16900000 6.65
2 15950001 16950000 6.394
2 16000001 1.7e+07 6.394
2 16050001 17050000 6.394
2 16100001 17100000 6.394
2 16150001 17150000 5.627
2 16200001 17200000 4.859
2 16250001 17250000 4.604
2 16300001 17300000 4.348
2 16350001 17350000 4.092
2 16400001 17400000 4.092
2 16450001 17450000 4.092
2 16500001 17500000 3.836
2 16550001 17550000 3.581
2 16600001 17600000 2.046
2 16650001 17650000 1.023
2 16700001 17700000 1.023
2 16750001 17750000 1.023
2 16800001 17800000 1.023
2 16850001 17850000 0.256
2 16900001 17900000 0.256
2 16950001 17950000 0.256
2 17000001 1.8e+07 0.256
2 17050001 18050000 0.256
2 17100001 18100000 0.256
2 17150001 18150000 0.256
2 17200001 18200000 0.256
2 17250001 18250000 0.256
2 17300001 18300000 0.256
2 17350001 18350000 0.256
2 17400001 18400000 0.256
2 17450001 18450000 0
2 17500001 18500000 0
2 17550001 18550000 0
2 17600001 18600000 0
2 17650001 18650000 1.279
2 17700001 18700000 1.279
2 17750001 18750000 1.279
2 17800001 18800000 1.279
2 17850001 18850000 1.535
2 17900001 18900000 1.535
2 17950001 18950000 1.535
2 18000001 1.9e+07 3.325
2 18050001 19050000 3.581
2 18100001 19100000 3.581
2 18150001 19150000 5.115
2 18200001 19200000 5.371
2 18250001 19250000 5.371
2 18300001 19300000 5.371
2 18350001 19350000 5.371
2 18400001 19400000 5.371
2 18450001 19450000 5.371
2 18500001 19500000 5.371
2 18550001 19550000 5.371
2 18600001 19600000 5.371
2 18650001 19650000 4.092
2 18700001 19698289 4.092
3 1 1e+06 2.128
3 50001 1050000 2.128
3 100001 1100000 2.34
3 150001 1150000 2.128
3 200001 1200000 2.128
3 250001 1250000 2.766
3 300001 1300000 2.766
3 350001 1350000 2.553
3 400001 1400000 2.766
3 450001 1450000 2.979
3 500001 1500000 3.191
3 550001 1550000 3.191
3 600001 1600000 3.404
3 650001 1650000 1.702
3 700001 1700000 1.702
3 750001 1750000 1.702
3 800001 1800000 1.702
3 850001 1850000 1.702
3 900001 1900000 1.915
3 950001 1950000 1.915
3 1000001 2e+06 1.915
3 1050001 2050000 1.915
3 1100001 2100000 1.702
3 1150001 2150000 1.702
3 1200001 2200000 2.128
3 1250001 2250000 1.489
3 1300001 2300000 1.489
3 1350001 2350000 1.489
3 1400001 2400000 1.915
3 1450001 2450000 1.915
3 1500001 2500000 1.915
3 1550001 2550000 2.128
3 1600001 2600000 1.915
3 1650001 2650000 1.915
3 1700001 2700000 2.128
3 1750001 2750000 2.128
3 1800001 2800000 2.128
3 1850001 2850000 2.128
3 1900001 2900000 1.915
3 1950001 2950000 2.128
3 2000001 3e+06 2.128
3 2050001 3050000 2.128
3 2100001 3100000 2.128
3 2150001 3150000 2.128
3 2200001 3200000 1.702
3 2250001 3250000 1.702
3 2300001 3300000 1.702
3 2350001 3350000 1.702
3 2400001 3400000 1.064
3 2450001 3450000 1.064
3 2500001 3500000 1.064
3 2550001 3550000 1.064
3 2600001 3600000 1.064
3 2650001 3650000 1.489
3 2700001 3700000 2.128
3 2750001 3750000 2.128
3 2800001 3800000 2.128
3 2850001 3850000 2.128
3 2900001 3900000 2.128
3 2950001 3950000 1.915
3 3000001 4e+06 2.128
3 3050001 4050000 2.128
3 3100001 4100000 2.128
3 3150001 4150000 2.128
3 3200001 4200000 2.128
3 3250001 4250000 2.128
3 3300001 4300000 2.128
3 3350001 4350000 2.128
3 3400001 4400000 3.404
3 3450001 4450000 3.191
3 3500001 4500000 3.191
3 3550001 4550000 3.191
3 3600001 4600000 3.191
3 3650001 4650000 2.766
3 3700001 4700000 1.915
3 3750001 4750000 1.915
3 3800001 4800000 1.915
3 3850001 4850000 1.915
3 3900001 4900000 1.915
3 3950001 4950000 1.915
3 4000001 5e+06 1.702
3 4050001 5050000 1.702
3 4100001 5100000 1.702
3 4150001 5150000 1.702
3 4200001 5200000 1.702
3 4250001 5250000 1.702
3 4300001 5300000 1.702
3 4350001 5350000 1.702
3 4400001 5400000 1.064
3 4450001 5450000 1.064
3 4500001 5500000 1.064
3 4550001 5550000 1.489
3 4600001 5600000 1.489
3 4650001 5650000 1.702
3 4700001 5700000 1.702
3 4750001 5750000 1.702
3 4800001 5800000 1.702
3 4850001 5850000 1.702
3 4900001 5900000 1.915
3 4950001 5950000 1.915
3 5000001 6e+06 2.128
3 5050001 6050000 2.128
3 5100001 6100000 2.128
3 5150001 6150000 2.128
3 5200001 6200000 2.34
3 5250001 6250000 2.34
3 5300001 6300000 2.34
3 5350001 6350000 3.617
3 5400001 6400000 3.404
3 5450001 6450000 4.255
3 5500001 6500000 4.255
3 5550001 6550000 3.617
3 5600001 6600000 3.617
3 5650001 6650000 3.404
3 5700001 6700000 3.404
3 5750001 6750000 3.617
3 5800001 6800000 3.617
3 5850001 6850000 3.617
3 5900001 6900000 3.404
3 5950001 6950000 3.404
3 6000001 7e+06 3.191
3 6050001 7050000 3.191
3 6100001 7100000 3.191
3 6150001 7150000 3.191
3 6200001 7200000 2.979
3 6250001 7250000 2.979
3 6300001 7300000 3.191
3 6350001 7350000 1.915
3 6400001 7400000 4.043
3 6450001 7450000 3.191
3 6500001 7500000 2.979
3 6550001 7550000 2.979
3 6600001 7600000 2.979
3 6650001 7650000 2.979
3 6700001 7700000 2.979
3 6750001 7750000 2.766
3 6800001 7800000 2.979
3 6850001 7850000 2.979
3 6900001 7900000 3.617
3 6950001 7950000 5.106
3 7000001 8e+06 5.106
3 7050001 8050000 5.745
3 7100001 8100000 6.809
3 7150001 8150000 7.234
3 7200001 8200000 7.234
3 7250001 8250000 7.234
3 7300001 8300000 7.234
3 7350001 8350000 7.234
3 7400001 8400000 4.681
3 7450001 8450000 4.681
3 7500001 8500000 4.681
3 7550001 8550000 4.681
3 7600001 8600000 5.106
3 7650001 8650000 7.66
3 7700001 8700000 7.66
3 7750001 8750000 10.638
3 7800001 8800000 12.553
3 7850001 8850000 12.553
3 7900001 8900000 12.128
3 7950001 8950000 11.277
3 8000001 9e+06 12.34
3 8050001 9050000 12.128
3 8100001 9100000 11.064
3 8150001 9150000 10.638
3 8200001 9200000 10.638
3 8250001 9250000 10.638
3 8300001 9300000 11.277
3 8350001 9350000 11.277
3 8400001 9400000 13.191
3 8450001 9450000 13.191
3 8500001 9500000 13.191
3 8550001 9550000 13.83
3 8600001 9600000 14.681
3 8650001 9650000 12.34
3 8700001 9700000 12.34
3 8750001 9750000 9.362
3 8800001 9800000 7.234
3 8850001 9850000 7.234
3 8900001 9900000 7.234
3 8950001 9950000 6.596
3 9000001 1e+07 5.532
3 9050001 10050000 5.106
3 9100001 10100000 5.106
3 9150001 10150000 5.106
3 9200001 10200000 5.106
3 9250001 10250000 5.106
3 9300001 10300000 4.255
3 9350001 10350000 4.255
3 9400001 10400000 2.553
3 9450001 10450000 4.255
3 9500001 10500000 4.255
3 9550001 10550000 3.617
3 9600001 10600000 2.34
3 9650001 10650000 2.34
3 9700001 10700000 2.979
3 9750001 10750000 5.106
3 9800001 10800000 5.106
3 9850001 10850000 5.106
3 9900001 10900000 8.511
3 9950001 10950000 9.149
3 10000001 1.1e+07 9.149
3 10050001 11050000 9.574
3 10100001 11100000 10
3 10150001 11150000 12.34
3 10200001 11200000 14.255
3 10250001 11250000 15.745
3 10300001 11300000 15.745
3 10350001 11350000 15.745
3 10400001 11400000 15.532
3 10450001 11450000 13.83
3 10500001 11500000 15.745
3 10550001 11550000 15.745
3 10600001 11600000 16.17
3 10650001 11650000 16.383
3 10700001 11700000 15.745
3 10750001 11750000 13.83
3 10800001 11800000 15.106
3 10850001 11850000 15.106
3 10900001 11900000 11.489
3 10950001 11950000 10.851
3 11000001 1.2e+07 10.851
3 11050001 12050000 10.426
3 11100001 12100000 10
3 11150001 12150000 8.511
3 11200001 12200000 6.809
3 11250001 12250000 5.319
3 11300001 12300000 5.319
3 11350001 12350000 5.532
3 11400001 12400000 5.745
3 11450001 12450000 5.745
3 11500001 12500000 3.83
3 11550001 12550000 3.83
3 11600001 12600000 3.404
3 11650001 12650000 2.979
3 11700001 12700000 2.979
3 11750001 12750000 2.766
3 11800001 12800000 1.489
3 11850001 12850000 1.489
3 11900001 12900000 1.489
3 11950001 12950000 1.489
3 12000001 1.3e+07 1.489
3 12050001 13050000 1.489
3 12100001 13100000 1.489
3 12150001 13150000 0.638
3 12200001 13200000 0.426
3 12250001 13250000 0.426
3 12300001 13300000 0.426
3 12350001 13350000 0.213
3 12400001 13400000 0
3 12450001 13450000 0
3 12500001 13500000 0
3 12550001 13550000 0
3 12600001 13600000 0
3 12650001 13650000 0
3 12700001 13700000 0
3 12750001 13750000 0
3 12800001 13800000 0
3 12850001 13850000 0
3 12900001 13900000 0
3 12950001 13950000 0
3 13000001 1.4e+07 0
3 13050001 14050000 0
3 13100001 14100000 0
3 13150001 14150000 0
3 13200001 14200000 0
3 13250001 14250000 0
3 13300001 14300000 0
3 13350001 14350000 0
3 13400001 14400000 0
3 13450001 14450000 0
3 13500001 14500000 0
3 13550001 14550000 0
3 13600001 14600000 0
3 13650001 14650000 0
3 13700001 14700000 0
3 13750001 14750000 0
3 13800001 14800000 0
3 13850001 14850000 0
3 13900001 14900000 0
3 13950001 14950000 0.213
3 14000001 1.5e+07 0.638
3 14050001 15050000 0.638
3 14100001 15100000 0.638
3 14150001 15150000 0.638
3 14200001 15200000 0.638
3 14250001 15250000 0.638
3 14300001 15300000 0.638
3 14350001 15350000 0.638
3 14400001 15400000 0.638
3 14450001 15450000 0.638
3 14500001 15500000 0.638
3 14550001 15550000 0.851
3 14600001 15600000 0.851
3 14650001 15650000 0.851
3 14700001 15700000 2.766
3 14750001 15750000 2.766
3 14800001 15800000 2.766
3 14850001 15850000 2.766
3 14900001 15900000 2.979
3 14950001 15950000 2.766
3 15000001 1.6e+07 3.617
3 15050001 16050000 3.617
3 15100001 16100000 3.617
3 15150001 16150000 3.617
3 15200001 16200000 3.617
3 15250001 16250000 3.617
3 15300001 16300000 3.617
3 15350001 16350000 3.617
3 15400001 16400000 3.617
3 15450001 16450000 4.894
3 15500001 16500000 5.319
3 15550001 16550000 5.106
3 15600001 16600000 5.532
3 15650001 16650000 5.532
3 15700001 16700000 3.617
3 15750001 16750000 3.617
3 15800001 16800000 3.83
3 15850001 16850000 4.255
3 15900001 16900000 4.043
3 15950001 16950000 4.043
3 16000001 1.7e+07 2.979
3 16050001 17050000 3.191
3 16100001 17100000 3.191
3 16150001 17150000 4.043
3 16200001 17200000 4.468
3 16250001 17250000 5.319
3 16300001 17300000 5.532
3 16350001 17350000 5.745
3 16400001 17400000 5.745
3 16450001 17450000 4.681
3 16500001 17500000 5.957
3 16550001 17550000 5.957
3 16600001 17600000 5.745
3 16650001 17650000 5.745
3 16700001 17700000 5.745
3 16750001 17750000 6.17
3 16800001 17800000 6.383
3 16850001 17850000 5.957
3 16900001 17900000 6.383
3 16950001 17950000 7.872
3 17000001 1.8e+07 7.66
3 17050001 18050000 7.66
3 17100001 18100000 7.872
3 17150001 18150000 7.021
3 17200001 18200000 6.809
3 17250001 18250000 6.383
3 17300001 18300000 6.383
3 17350001 18350000 7.447
3 17400001 18400000 7.66
3 17450001 18450000 7.447
3 17500001 18500000 5.957
3 17550001 18550000 5.957
3 17600001 18600000 6.17
3 17650001 18650000 6.17
3 17700001 18700000 6.17
3 17750001 18750000 5.957
3 17800001 18800000 5.745
3 17850001 18850000 5.745
3 17900001 18900000 5.532
3 17950001 18950000 4.043
3 18000001 1.9e+07 5.106
3 18050001 19050000 4.894
3 18100001 19100000 4.894
3 18150001 19150000 5.106
3 18200001 19200000 5.106
3 18250001 19250000 4.681
3 18300001 19300000 4.468
3 18350001 19350000 3.191
3 18400001 19400000 2.979
3 18450001 19450000 4.681
3 18500001 19500000 5.745
3 18550001 19550000 5.745
3 18600001 19600000 5.532
3 18650001 19650000 6.383
3 18700001 19700000 6.383
3 18750001 19750000 7.447
3 18800001 19800000 7.447
3 18850001 19850000 7.66
3 18900001 19900000 7.447
3 18950001 19950000 7.447
3 19000001 2e+07 6.596
3 19050001 20050000 6.596
3 19100001 20100000 6.383
3 19150001 20150000 6.17
3 19200001 20200000 5.957
3 19250001 20250000 6.17
3 19300001 20300000 6.596
3 19350001 20350000 6.809
3 19400001 20400000 6.809
3 19450001 20450000 5.106
3 19500001 20500000 3.83
3 19550001 20550000 4.043
3 19600001 20600000 4.255
3 19650001 20650000 3.617
3 19700001 20700000 4.043
3 19750001 20750000 2.766
3 19800001 20800000 4.043
3 19850001 20850000 3.83
3 19900001 20900000 4.043
3 19950001 20950000 4.468
3 20000001 2.1e+07 4.255
3 20050001 21050000 4.468
3 20100001 21100000 7.021
3 20150001 21150000 7.021
3 20200001 21200000 7.021
3 20250001 21250000 6.809
3 20300001 21300000 6.383
3 20350001 21350000 6.17
3 20400001 21400000 6.17
3 20450001 21450000 6.17
3 20500001 21500000 6.17
3 20550001 21550000 5.957
3 20600001 21600000 5.532
3 20650001 21650000 5.319
3 20700001 21700000 5.106
3 20750001 21750000 5.106
3 20800001 21800000 3.83
3 20850001 21850000 4.043
3 20900001 21900000 4.894
3 20950001 21950000 4.468
3 21000001 2.2e+07 4.468
3 21050001 22050000 4.255
3 21100001 22100000 1.702
3 21150001 22150000 1.702
3 21200001 22200000 1.702
3 21250001 22250000 1.702
3 21300001 22300000 1.702
3 21350001 22350000 1.915
3 21400001 22400000 1.915
3 21450001 22450000 2.34
3 21500001 22500000 2.553
3 21550001 22550000 2.553
3 21600001 22600000 2.553
3 21650001 22650000 2.553
3 21700001 22700000 2.34
3 21750001 22750000 2.34
3 21800001 22800000 2.128
3 21850001 22850000 1.915
3 21900001 22900000 0.851
3 21950001 22950000 1.915
3 22000001 2.3e+07 2.553
3 22050001 23050000 2.766
3 22100001 23100000 4.255
3 22150001 23150000 4.255
3 22200001 23200000 4.468
3 22250001 23250000 4.468
3 22300001 23300000 4.681
3 22350001 23350000 4.468
3 22400001 23400000 4.681
3 22450001 23450000 4.255
3 22500001 23459830 4.043
4 1 1e+06 20.155
4 50001 1050000 20.413
4 100001 1100000 19.121
4 150001 1150000 19.121
4 200001 1200000 16.537
4 250001 1250000 14.212
4 300001 1300000 13.437
4 350001 1350000 14.729
4 400001 1400000 12.403
4 450001 1450000 9.819
4 500001 1500000 8.01
4 550001 1550000 7.235
4 600001 1600000 7.235
4 650001 1650000 6.977
4 700001 1700000 6.718
4 750001 1750000 4.393
4 800001 1800000 3.359
4 850001 1850000 3.359
4 900001 1900000 3.359
4 950001 1950000 2.067
4 1000001 2e+06 2.067
4 1050001 2050000 1.809
4 1100001 2100000 1.809
4 1150001 2150000 1.55
4 1200001 2200000 1.55
4 1250001 2250000 1.55
4 1300001 2300000 1.55
4 1350001 2350000 0.258
4 1400001 2400000 0
4 1450001 2450000 0
4 1500001 2500000 0
4 1550001 2550000 0
4 1600001 2600000 0
4 1650001 2650000 0
4 1700001 2700000 0
4 1750001 2750000 0
4 1800001 2800000 0
4 1850001 2850000 0
4 1900001 2900000 0
4 1950001 2950000 0
4 2000001 3e+06 0
4 2050001 3050000 0
4 2100001 3100000 0
4 2150001 3150000 0
4 2200001 3200000 0
4 2250001 3250000 0
4 2300001 3300000 0
4 2350001 3350000 0
4 2400001 3400000 0
4 2450001 3450000 0
4 2500001 3500000 0
4 2550001 3550000 0
4 2600001 3600000 0
4 2650001 3650000 0
4 2700001 3700000 0
4 2750001 3750000 0
4 2800001 3800000 0
4 2850001 3850000 0
4 2900001 3900000 0
4 2950001 3950000 0
4 3000001 4e+06 0
4 3050001 4050000 0
4 3100001 4100000 0
4 3150001 4150000 0
4 3200001 4200000 0
4 3250001 4250000 0
4 3300001 4300000 0
4 3350001 4350000 0
4 3400001 4400000 0
4 3450001 4450000 0
4 3500001 4500000 0
4 3550001 4550000 0
4 3600001 4600000 0
4 3650001 4650000 0
4 3700001 4700000 0
4 3750001 4750000 0
4 3800001 4800000 0.258
4 3850001 4850000 1.034
4 3900001 4900000 2.326
4 3950001 4950000 2.326
4 4000001 5e+06 2.326
4 4050001 5050000 2.326
4 4100001 5100000 2.326
4 4150001 5150000 2.326
4 4200001 5200000 2.326
4 4250001 5250000 2.326
4 4300001 5300000 2.326
4 4350001 5350000 2.326
4 4400001 5400000 5.685
4 4450001 5450000 5.943
4 4500001 5500000 5.943
4 4550001 5550000 5.943
4 4600001 5600000 5.943
4 4650001 5650000 6.977
4 4700001 5700000 6.977
4 4750001 5750000 6.977
4 4800001 5800000 7.494
4 4850001 5850000 7.235
4 4900001 5900000 5.943
4 4950001 5950000 5.943
4 5000001 6e+06 5.943
4 5050001 6050000 6.202
4 5100001 6100000 6.202
4 5150001 6150000 6.202
4 5200001 6200000 6.46
4 5250001 6250000 9.044
4 5300001 6300000 12.403
4 5350001 6350000 12.661
4 5400001 6400000 9.302
4 5450001 6450000 9.044
4 5500001 6500000 9.044
4 5550001 6550000 9.044
4 5600001 6600000 11.111
4 5650001 6650000 10.078
4 5700001 6700000 10.336
4 5750001 6750000 11.37
4 5800001 6800000 10.594
4 5850001 6850000 13.437
4 5900001 6900000 13.437
4 5950001 6950000 13.437
4 6000001 7e+06 13.437
4 6050001 7050000 13.178
4 6100001 7100000 13.178
4 6150001 7150000 13.178
4 6200001 7200000 16.537
4 6250001 7250000 17.571
4 6300001 7300000 14.212
4 6350001 7350000 13.953
4 6400001 7400000 13.953
4 6450001 7450000 13.953
4 6500001 7500000 13.953
4 6550001 7550000 15.504
4 6600001 7600000 13.437
4 6650001 7650000 14.47
4 6700001 7700000 14.47
4 6750001 7750000 13.437
4 6800001 7800000 15.504
4 6850001 7850000 12.145
4 6900001 7900000 12.145
4 6950001 7950000 15.245
4 7000001 8e+06 15.504
4 7050001 8050000 15.504
4 7100001 8100000 15.504
4 7150001 8150000 15.504
4 7200001 8200000 12.403
4 7250001 8250000 8.786
4 7300001 8300000 9.819
4 7350001 8350000 9.819
4 7400001 8400000 9.819
4 7450001 8450000 9.819
4 7500001 8500000 9.819
4 7550001 8550000 8.269
4 7600001 8600000 8.269
4 7650001 8650000 8.269
4 7700001 8700000 8.01
4 7750001 8750000 8.01
4 7800001 8800000 8.527
4 7850001 8850000 8.527
4 7900001 8900000 8.786
4 7950001 8950000 5.685
4 8000001 9e+06 6.718
4 8050001 9050000 6.977
4 8100001 9100000 6.977
4 8150001 9150000 6.977
4 8200001 9200000 6.46
4 8250001 9250000 6.46
4 8300001 9300000 7.752
4 8350001 9350000 7.752
4 8400001 9400000 7.752
4 8450001 9450000 7.752
4 8500001 9500000 7.752
4 8550001 9550000 7.752
4 8600001 9600000 7.752
4 8650001 9650000 6.977
4 8700001 9700000 7.235
4 8750001 9750000 8.01
4 8800001 9800000 6.718
4 8850001 9850000 6.977
4 8900001 9900000 6.718
4 8950001 9950000 6.977
4 9000001 1e+07 5.685
4 9050001 10050000 5.426
4 9100001 10100000 5.685
4 9150001 10150000 5.685
4 9200001 10200000 5.685
4 9250001 10250000 5.685
4 9300001 10300000 5.943
4 9350001 10350000 5.943
4 9400001 10400000 7.494
4 9450001 10450000 7.494
4 9500001 10500000 7.494
4 9550001 10550000 7.494
4 9600001 10600000 7.494
4 9650001 10650000 7.235
4 9700001 10700000 6.977
4 9750001 10750000 6.202
4 9800001 10800000 5.168
4 9850001 10850000 4.91
4 9900001 10900000 5.168
4 9950001 10950000 4.91
4 10000001 1.1e+07 4.91
4 10050001 11050000 4.91
4 10100001 11100000 4.651
4 10150001 11150000 4.91
4 10200001 11200000 4.91
4 10250001 11250000 4.91
4 10300001 11300000 2.326
4 10350001 11350000 2.326
4 10400001 11400000 0.775
4 10450001 11450000 0.775
4 10500001 11500000 0.775
4 10550001 11550000 0.775
4 10600001 11600000 1.034
4 10650001 11650000 1.034
4 10700001 11700000 1.292
4 10750001 11750000 6.202
4 10800001 11800000 5.943
4 10850001 11850000 6.202
4 10900001 11900000 5.943
4 10950001 11950000 5.943
4 11000001 1.2e+07 5.943
4 11050001 12050000 5.943
4 11100001 12100000 8.269
4 11150001 12150000 8.527
4 11200001 12200000 8.527
4 11250001 12250000 8.527
4 11300001 12300000 8.786
4 11350001 12350000 8.786
4 11400001 12400000 8.786
4 11450001 12450000 8.786
4 11500001 12500000 9.044
4 11550001 12550000 9.044
4 11600001 12600000 8.786
4 11650001 12650000 8.786
4 11700001 12700000 8.527
4 11750001 12750000 3.618
4 11800001 12800000 3.618
4 11850001 12850000 3.359
4 11900001 12900000 3.359
4 11950001 12950000 3.359
4 12000001 1.3e+07 3.359
4 12050001 13050000 3.359
4 12100001 13100000 1.292
4 12150001 13150000 0.775
4 12200001 13200000 1.292
4 12250001 13250000 1.292
4 12300001 13300000 1.034
4 12350001 13350000 1.034
4 12400001 13400000 1.034
4 12450001 13450000 1.034
4 12500001 13500000 0.775
4 12550001 13550000 0.775
4 12600001 13600000 0.775
4 12650001 13650000 0.775
4 12700001 13700000 0.775
4 12750001 13750000 0.775
4 12800001 13800000 0.775
4 12850001 13850000 0.775
4 12900001 13900000 0.775
4 12950001 13950000 0.775
4 13000001 1.4e+07 0.775
4 13050001 14050000 1.034
4 13100001 14100000 0.775
4 13150001 14150000 0.775
4 13200001 14200000 0.258
4 13250001 14250000 0.258
4 13300001 14300000 0.258
4 13350001 14350000 0.258
4 13400001 14400000 0.258
4 13450001 14450000 0.258
4 13500001 14500000 0.258
4 13550001 14550000 0.517
4 13600001 14600000 0.517
4 13650001 14650000 0.517
4 13700001 14700000 1.034
4 13750001 14750000 1.034
4 13800001 14800000 1.034
4 13850001 14850000 1.034
4 13900001 14900000 1.034
4 13950001 14950000 1.034
4 14000001 1.5e+07 1.034
4 14050001 15050000 0.775
4 14100001 15100000 1.034
4 14150001 15150000 1.034
4 14200001 15200000 1.292
4 14250001 15250000 1.292
4 14300001 15300000 1.292
4 14350001 15350000 1.292
4 14400001 15400000 1.292
4 14450001 15450000 1.292
4 14500001 15500000 1.292
4 14550001 15550000 1.034
4 14600001 15600000 1.034
4 14650001 15650000 1.034
4 14700001 15700000 0.775
4 14750001 15750000 0.775
4 14800001 15800000 0.775
4 14850001 15850000 0.775
4 14900001 15900000 0.775
4 14950001 15950000 1.034
4 15000001 1.6e+07 1.292
4 15050001 16050000 1.292
4 15100001 16100000 1.034
4 15150001 16150000 1.034
4 15200001 16200000 0.775
4 15250001 16250000 0.775
4 15300001 16300000 1.034
4 15350001 16350000 1.292
4 15400001 16400000 1.55
4 15450001 16450000 1.55
4 15500001 16500000 1.55
4 15550001 16550000 2.067
4 15600001 16600000 2.326
4 15650001 16650000 2.584
4 15700001 16700000 2.842
4 15750001 16750000 2.842
4 15800001 16800000 2.842
4 15850001 16850000 2.842
4 15900001 16900000 2.842
4 15950001 16950000 2.584
4 16000001 1.7e+07 2.326
4 16050001 17050000 2.326
4 16100001 17100000 2.326
4 16150001 17150000 2.326
4 16200001 17200000 2.326
4 16250001 17250000 2.326
4 16300001 17300000 2.067
4 16350001 17350000 6.718
4 16400001 17400000 6.46
4 16450001 17450000 6.46
4 16500001 17500000 6.46
4 16550001 17550000 6.202
4 16600001 17600000 5.943
4 16650001 17650000 5.685
4 16700001 17700000 5.168
4 16750001 17750000 5.426
4 16800001 17800000 5.426
4 16850001 17850000 5.426
4 16900001 17900000 5.426
4 16950001 17950000 5.426
4 17000001 1.8e+07 5.685
4 17050001 18050000 7.494
4 17100001 18100000 7.494
4 17150001 18150000 7.494
4 17200001 18200000 7.494
4 17250001 18250000 7.494
4 17300001 18300000 8.269
4 17350001 18350000 3.359
4 17400001 18400000 3.359
4 17450001 18450000 3.359
4 17500001 18500000 3.359
4 17550001 18550000 3.359
4 17600001 18585056 3.359
5 1 1e+06 5.58
5 50001 1050000 5.58
5 100001 1100000 6.167
5 150001 1150000 5.433
5 200001 1200000 5.286
5 250001 1250000 5.286
5 300001 1300000 5.727
5 350001 1350000 6.021
5 400001 1400000 7.195
5 450001 1450000 8.664
5 500001 1500000 9.398
5 550001 1550000 7.783
5 600001 1600000 7.783
5 650001 1650000 6.755
5 700001 1700000 6.755
5 750001 1750000 7.93
5 800001 1800000 7.342
5 850001 1850000 7.342
5 900001 1900000 7.342
5 950001 1950000 6.902
5 1000001 2e+06 6.902
5 1050001 2050000 6.902
5 1100001 2100000 6.461
5 1150001 2150000 6.461
5 1200001 2200000 6.461
5 1250001 2250000 6.461
5 1300001 2300000 6.021
5 1350001 2350000 5.874
5 1400001 2400000 4.699
5 1450001 2450000 3.524
5 1500001 2500000 3.377
5 1550001 2550000 3.671
5 1600001 2600000 3.671
5 1650001 2650000 3.671
5 1700001 2700000 3.818
5 1750001 2750000 2.643
5 1800001 2800000 2.643
5 1850001 2850000 2.643
5 1900001 2900000 2.79
5 1950001 2950000 2.79
5 2000001 3e+06 2.496
5 2050001 3050000 2.496
5 2100001 3100000 2.496
5 2150001 3150000 2.349
5 2200001 3200000 2.937
5 2250001 3250000 3.084
5 2300001 3300000 3.084
5 2350001 3350000 3.084
5 2400001 3400000 3.084
5 2450001 3450000 2.937
5 2500001 3500000 2.349
5 2550001 3550000 2.203
5 2600001 3600000 2.349
5 2650001 3650000 2.349
5 2700001 3700000 2.056
5 2750001 3750000 2.056
5 2800001 3800000 2.349
5 2850001 3850000 2.643
5 2900001 3900000 2.496
5 2950001 3950000 2.496
5 3000001 4e+06 2.496
5 3050001 4050000 2.496
5 3100001 4100000 2.349
5 3150001 4150000 2.056
5 3200001 4200000 1.468
5 3250001 4250000 1.322
5 3300001 4300000 1.909
5 3350001 4350000 1.762
5 3400001 4400000 1.762
5 3450001 4450000 1.615
5 3500001 4500000 1.909
5 3550001 4550000 2.203
5 3600001 4600000 2.056
5 3650001 4650000 2.203
5 3700001 4700000 2.203
5 3750001 4750000 2.203
5 3800001 4800000 1.909
5 3850001 4850000 1.615
5 3900001 4900000 1.615
5 3950001 4950000 1.762
5 4000001 5e+06 3.377
5 4050001 5050000 3.671
5 4100001 5100000 3.671
5 4150001 5150000 3.818
5 4200001 5200000 4.258
5 4250001 5250000 4.405
5 4300001 5300000 3.965
5 4350001 5350000 4.112
5 4400001 5400000 4.405
5 4450001 5450000 4.699
5 4500001 5500000 4.258
5 4550001 5550000 3.818
5 4600001 5600000 3.818
5 4650001 5650000 3.671
5 4700001 5700000 3.671
5 4750001 5750000 3.671
5 4800001 5800000 3.671
5 4850001 5850000 3.818
5 4900001 5900000 4.112
5 4950001 5950000 3.965
5 5000001 6e+06 2.643
5 5050001 6050000 2.349
5 5100001 6100000 2.349
5 5150001 6150000 2.349
5 5200001 6200000 1.909
5 5250001 6250000 1.762
5 5300001 6300000 1.762
5 5350001 6350000 1.615
5 5400001 6400000 1.322
5 5450001 6450000 1.909
5 5500001 6500000 1.909
5 5550001 6550000 2.203
5 5600001 6600000 2.643
5 5650001 6650000 3.084
5 5700001 6700000 3.231
5 5750001 6750000 3.231
5 5800001 6800000 3.231
5 5850001 6850000 3.377
5 5900001 6900000 3.231
5 5950001 6950000 3.231
5 6000001 7e+06 3.231
5 6050001 7050000 3.231
5 6100001 7100000 3.231
5 6150001 7150000 3.084
5 6200001 7200000 4.699
5 6250001 7250000 4.699
5 6300001 7300000 4.699
5 6350001 7350000 4.699
5 6400001 7400000 4.846
5 6450001 7450000 3.965
5 6500001 7500000 4.993
5 6550001 7550000 4.699
5 6600001 7600000 4.405
5 6650001 7650000 3.965
5 6700001 7700000 4.405
5 6750001 7750000 4.552
5 6800001 7800000 4.552
5 6850001 7850000 4.405
5 6900001 7900000 4.258
5 6950001 7950000 4.405
5 7000001 8e+06 4.258
5 7050001 8050000 6.167
5 7100001 8100000 6.608
5 7150001 8150000 6.608
5 7200001 8200000 5.433
5 7250001 8250000 6.021
5 7300001 8300000 6.167
5 7350001 8350000 6.314
5 7400001 8400000 6.314
5 7450001 8450000 8.076
5 7500001 8500000 7.048
5 7550001 8550000 7.93
5 7600001 8600000 8.664
5 7650001 8650000 8.811
5 7700001 8700000 8.223
5 7750001 8750000 8.223
5 7800001 8800000 8.664
5 7850001 8850000 8.517
5 7900001 8900000 8.517
5 7950001 8950000 8.37
5 8000001 9e+06 8.223
5 8050001 9050000 6.755
5 8100001 9100000 6.314
5 8150001 9150000 6.314
5 8200001 9200000 5.874
5 8250001 9250000 5.286
5 8300001 9300000 4.993
5 8350001 9350000 4.846
5 8400001 9400000 4.699
5 8450001 9450000 3.231
5 8500001 9500000 3.377
5 8550001 9550000 2.79
5 8600001 9600000 2.643
5 8650001 9650000 2.643
5 8700001 9700000 2.643
5 8750001 9750000 3.965
5 8800001 9800000 3.524
5 8850001 9850000 7.048
5 8900001 9900000 7.048
5 8950001 9950000 7.195
5 9000001 1e+07 7.342
5 9050001 10050000 7.342
5 9100001 10100000 7.342
5 9150001 10150000 7.342
5 9200001 10200000 7.342
5 9250001 10250000 7.489
5 9300001 10300000 9.398
5 9350001 10350000 9.398
5 9400001 10400000 9.398
5 9450001 10450000 9.104
5 9500001 10500000 8.957
5 9550001 10550000 8.664
5 9600001 10600000 7.93
5 9650001 10650000 8.223
5 9700001 10700000 8.664
5 9750001 10750000 7.342
5 9800001 10800000 7.342
5 9850001 10850000 3.965
5 9900001 10900000 3.965
5 9950001 10950000 3.818
5 10000001 1.1e+07 3.671
5 10050001 11050000 3.377
5 10100001 11100000 3.377
5 10150001 11150000 3.377
5 10200001 11200000 3.377
5 10250001 11250000 3.231
5 10300001 11300000 1.322
5 10350001 11350000 1.322
5 10400001 11400000 1.322
5 10450001 11450000 1.322
5 10500001 11500000 1.322
5 10550001 11550000 1.322
5 10600001 11600000 1.322
5 10650001 11650000 0.881
5 10700001 11700000 0.441
5 10750001 11750000 0.294
5 10800001 11800000 0.294
5 10850001 11850000 0.147
5 10900001 11900000 0.147
5 10950001 11950000 0.147
5 11000001 1.2e+07 0.147
5 11050001 12050000 0
5 11100001 12100000 0
5 11150001 12150000 0
5 11200001 12200000 0
5 11250001 12250000 0
5 11300001 12300000 0
5 11350001 12350000 0
5 11400001 12400000 0
5 11450001 12450000 0
5 11500001 12500000 0
5 11550001 12550000 0
5 11600001 12600000 0
5 11650001 12650000 0
5 11700001 12700000 0
5 11750001 12750000 0
5 11800001 12800000 0
5 11850001 12850000 0
5 11900001 12900000 0
5 11950001 12950000 0
5 12000001 1.3e+07 0
5 12050001 13050000 0
5 12100001 13100000 0
5 12150001 13150000 0
5 12200001 13200000 0
5 12250001 13250000 0
5 12300001 13300000 0
5 12350001 13350000 0
5 12400001 13400000 0
5 12450001 13450000 0
5 12500001 13500000 0
5 12550001 13550000 0
5 12600001 13600000 0
5 12650001 13650000 0
5 12700001 13700000 0
5 12750001 13750000 0
5 12800001 13800000 0.147
5 12850001 13850000 0.147
5 12900001 13900000 0.147
5 12950001 13950000 0.441
5 13000001 1.4e+07 0.441
5 13050001 14050000 0.441
5 13100001 14100000 0.441
5 13150001 14150000 1.615
5 13200001 14200000 1.615
5 13250001 14250000 1.615
5 13300001 14300000 1.615
5 13350001 14350000 1.615
5 13400001 14400000 1.615
5 13450001 14450000 1.615
5 13500001 14500000 1.615
5 13550001 14550000 1.762
5 13600001 14600000 1.762
5 13650001 14650000 1.762
5 13700001 14700000 1.909
5 13750001 14750000 1.909
5 13800001 14800000 1.762
5 13850001 14850000 1.909
5 13900001 14900000 1.909
5 13950001 14950000 1.615
5 14000001 1.5e+07 2.937
5 14050001 15050000 2.937
5 14100001 15100000 2.937
5 14150001 15150000 1.762
5 14200001 15200000 1.762
5 14250001 15250000 3.524
5 14300001 15300000 3.524
5 14350001 15350000 3.524
5 14400001 15400000 3.524
5 14450001 15450000 3.671
5 14500001 15500000 3.818
5 14550001 15550000 4.112
5 14600001 15600000 4.112
5 14650001 15650000 4.552
5 14700001 15700000 4.405
5 14750001 15750000 4.552
5 14800001 15800000 6.314
5 14850001 15850000 6.167
5 14900001 15900000 6.902
5 14950001 15950000 6.902
5 15000001 1.6e+07 5.58
5 15050001 16050000 5.727
5 15100001 16100000 5.727
5 15150001 16150000 5.727
5 15200001 16200000 5.727
5 15250001 16250000 3.965
5 15300001 16300000 3.965
5 15350001 16350000 4.112
5 15400001 16400000 4.258
5 15450001 16450000 4.258
5 15500001 16500000 4.258
5 15550001 16550000 3.965
5 15600001 16600000 4.112
5 15650001 16650000 4.405
5 15700001 16700000 4.405
5 15750001 16750000 4.258
5 15800001 16800000 2.937
5 15850001 16850000 3.818
5 15900001 16900000 4.258
5 15950001 16950000 4.993
5 16000001 1.7e+07 4.993
5 16050001 17050000 4.846
5 16100001 17100000 4.993
5 16150001 17150000 6.167
5 16200001 17200000 6.314
5 16250001 17250000 6.461
5 16300001 17300000 6.902
5 16350001 17350000 6.902
5 16400001 17400000 6.755
5 16450001 17450000 6.608
5 16500001 17500000 6.461
5 16550001 17550000 6.314
5 16600001 17600000 6.902
5 16650001 17650000 6.167
5 16700001 17700000 6.167
5 16750001 17750000 6.167
5 16800001 17800000 5.727
5 16850001 17850000 4.993
5 16900001 17900000 3.818
5 16950001 17950000 3.084
5 17000001 1.8e+07 3.084
5 17050001 18050000 3.231
5 17100001 18100000 3.084
5 17150001 18150000 1.909
5 17200001 18200000 1.762
5 17250001 18250000 1.615
5 17300001 18300000 1.468
5 17350001 18350000 1.322
5 17400001 18400000 3.231
5 17450001 18450000 3.231
5 17500001 18500000 3.231
5 17550001 18550000 3.231
5 17600001 18600000 2.643
5 17650001 18650000 2.937
5 17700001 18700000 3.084
5 17750001 18750000 3.231
5 17800001 18800000 3.231
5 17850001 18850000 3.084
5 17900001 18900000 3.377
5 17950001 18950000 3.377
5 18000001 1.9e+07 3.377
5 18050001 19050000 3.377
5 18100001 19100000 3.524
5 18150001 19150000 3.671
5 18200001 19200000 3.965
5 18250001 19250000 3.965
5 18300001 19300000 3.671
5 18350001 19350000 3.671
5 18400001 19400000 1.762
5 18450001 19450000 1.762
5 18500001 19500000 1.762
5 18550001 19550000 2.203
5 18600001 19600000 2.203
5 18650001 19650000 1.909
5 18700001 19700000 1.762
5 18750001 19750000 1.615
5 18800001 19800000 1.762
5 18850001 19850000 1.909
5 18900001 19900000 1.615
5 18950001 19950000 1.615
5 19000001 2e+07 1.762
5 19050001 20050000 1.615
5 19100001 20100000 1.615
5 19150001 20150000 1.468
5 19200001 20200000 1.175
5 19250001 20250000 1.175
5 19300001 20300000 2.056
5 19350001 20350000 2.203
5 19400001 20400000 2.203
5 19450001 20450000 2.496
5 19500001 20500000 2.496
5 19550001 20550000 2.056
5 19600001 20600000 1.909
5 19650001 20650000 1.909
5 19700001 20700000 2.056
5 19750001 20750000 2.056
5 19800001 20800000 1.909
5 19850001 20850000 1.762
5 19900001 20900000 2.056
5 19950001 20950000 2.349
5 20000001 2.1e+07 2.349
5 20050001 21050000 2.349
5 20100001 21100000 2.203
5 20150001 21150000 2.349
5 20200001 21200000 2.349
5 20250001 21250000 2.349
5 20300001 21300000 1.468
5 20350001 21350000 1.468
5 20400001 21400000 1.615
5 20450001 21450000 4.112
5 20500001 21500000 4.258
5 20550001 21550000 4.552
5 20600001 21600000 4.552
5 20650001 21650000 4.552
5 20700001 21700000 4.405
5 20750001 21750000 4.405
5 20800001 21800000 4.405
5 20850001 21850000 4.405
5 20900001 21900000 4.112
5 20950001 21950000 3.818
5 21000001 2.2e+07 4.699
5 21050001 22050000 4.699
5 21100001 22100000 4.846
5 21150001 22150000 4.699
5 21200001 22200000 4.699
5 21250001 22250000 4.699
5 21300001 22300000 4.699
5 21350001 22350000 4.699
5 21400001 22400000 4.552
5 21450001 22450000 1.909
5 21500001 22500000 1.762
5 21550001 22550000 1.468
5 21600001 22600000 1.615
5 21650001 22650000 1.615
5 21700001 22700000 1.615
5 21750001 22750000 1.615
5 21800001 22800000 1.615
5 21850001 22850000 1.909
5 21900001 22900000 1.909
5 21950001 22950000 2.056
5 22000001 2.3e+07 1.028
5 22050001 23050000 2.496
5 22100001 23100000 2.349
5 22150001 23150000 2.349
5 22200001 23200000 2.349
5 22250001 23250000 2.349
5 22300001 23300000 2.349
5 22350001 23350000 2.79
5 22400001 23400000 3.084
5 22450001 23450000 3.084
5 22500001 23500000 3.231
5 22550001 23550000 3.231
5 22600001 23600000 3.231
5 22650001 23650000 3.231
5 22700001 23700000 3.231
5 22750001 23750000 3.231
5 22800001 23800000 3.377
5 22850001 23850000 3.231
5 22900001 23900000 3.377
5 22950001 23950000 3.377
5 23000001 2.4e+07 3.377
5 23050001 24050000 1.909
5 23100001 24100000 1.909
5 23150001 24150000 2.203
5 23200001 24200000 2.79
5 23250001 24250000 2.79
5 23300001 24300000 2.79
5 23350001 24350000 2.349
5 23400001 24400000 2.056
5 23450001 24450000 2.643
5 23500001 24500000 2.496
5 23550001 24550000 2.496
5 23600001 24600000 2.349
5 23650001 24650000 2.349
5 23700001 24700000 2.349
5 23750001 24750000 3.671
5 23800001 24800000 4.405
5 23850001 24850000 4.258
5 23900001 24900000 4.112
5 23950001 24950000 3.965
5 24000001 2.5e+07 4.552
5 24050001 25050000 4.552
5 24100001 25100000 4.552
5 24150001 25150000 4.258
5 24200001 25200000 3.965
5 24250001 25250000 4.552
5 24300001 25300000 4.699
5 24350001 25350000 4.552
5 24400001 25400000 4.552
5 24450001 25450000 3.818
5 24500001 25500000 3.818
5 24550001 25550000 3.965
5 24600001 25600000 3.965
5 24650001 25650000 3.965
5 24700001 25700000 4.258
5 24750001 25750000 2.937
5 24800001 25800000 3.524
5 24850001 25850000 3.671
5 24900001 25900000 3.671
5 24950001 25950000 3.818
5 25000001 2.6e+07 3.231
5 25050001 26050000 3.231
5 25100001 26100000 4.405
5 25150001 26150000 6.021
5 25200001 26200000 5.727
5 25250001 26250000 5.14
5 25300001 26300000 7.195
5 25350001 26350000 7.342
5 25400001 26400000 7.342
5 25450001 26450000 7.342
5 25500001 26500000 7.342
5 25550001 26550000 7.636
5 25600001 26600000 7.783
5 25650001 26650000 8.076
5 25700001 26700000 8.076
5 25750001 26750000 8.076
5 25800001 26800000 6.902
5 25850001 26850000 7.048
5 25900001 26900000 7.048
5 25950001 26950000 8.223
5 26000001 26975502 8.223
